BASIC5000_0501 3 66 12 11 78 56 13 40 39 5 35 20 77 45 40 25 44 76 25 19 23 64 51 23 14 37 40 5
BASIC5000_0502 3 71 78 15 78 76 6 78 70 15 28 79 72 23 23 17 78 41 20 79 11 15 23 60 23 31
BASIC5000_0503 13 69 79 36 79 12 62 25 46 74 73 11 44 79 27 79 76 13 76 63 36 25 15 40 5
BASIC5000_0504 3 73 19 79 73 52 78 44 45 5 34 36 5 40 5 44 61 64 44 76 3 72 60 25 11
BASIC5000_0505 3 72 25 76 40 41 11 19 19 75 44 23 19 72 12 38 17 73 44 77 11 78 24 31
BASIC5000_0506 10 19 23 36 15 74 73 48 35 70 79 76 40 11 34 31 44 41
BASIC5000_0507 10 79 11 61 76 8 64 44 12 57 79 51 40 33 5 13 41 25 78 37 5 73
BASIC5000_0508 10 40 11 12 25 5 36 5 31 46 11 72 37 40 15 76 31 23 31 33 76 44 39 44 11 76 13 41 64 15 73 23 78 37 5 31
BASIC5000_0509 3 34 11 78 76 13 78 27 78 38 79 75 15 13 44 10 11 43 77 70 79 13 67 79 23 31
BASIC5000_0510 10 79 62 76 48 38 44 19 8 77 60 43 73 19 38 12 37 13 73
BASIC5000_0511 10 5 37 5 53 25 76 40 30 40 30 41 27 79 11 15 41 19 31 8 31 44 32
BASIC5000_0512 39 70 79 49 44 20 20 35 72 41 5 13 60 27 78 11
BASIC5000_0513 23 13 44 40 11 37 76 31 23 12 5 33 46 78 25 13 40 44 76 3 13 32
BASIC5000_0514 10 30 78 29 79 44 45 11 5 76 11 78 13 69 79 41 8 79 13 69 79 77 10 70 58 25
BASIC5000_0515 10 31 10 31 23 36 40 5 37 45 66 15 29 44 64 78 32 5 77 11 5 17 35 23 40 21 5
BASIC5000_0516 55 78 13 69 79 77 23 36 5 73 3 5 32 76 11 74 41 45 40 23 11 17 36 76 5 17 40 5
BASIC5000_0517 5 34 17 78 35 60 71 40 5 37 13 20 38 64 66 12 36 31 5 54 78 40 17 34 11 41 40 73 19 38 12 3 73
BASIC5000_0518 33 69 79 23 69 12 10 79 5 44 41 11 44 24 69 76 24 60 78 23 31 12 71 40 11 34 31
BASIC5000_0519 45 19 32 36 21 78 41 44 58 73 38 25 46 71 23 79 45 19 32 36 44 66 17 79 12 61 71 74 73
BASIC5000_0520 12 52 72 8 73 76 3 35 5 25 79 53 38 23 7 72 79 23 67 77 25 19 23 44 78 32 32 17 32 34 31
BASIC5000_0521 13 69 79 11 5 41 35 15 60 37 60 34 25 16 5 13 40 21 5
BASIC5000_0522 21 76 32 21 78 77 70 49 32 23 36 5 31 32 17 60 25 11
BASIC5000_0523 5 33 66 26 17 44 23 17 78 55 78 13 69 79 37 36 35 66 23 40 17 74 46 5 17 40 5 32 75 79
BASIC5000_0524 38 79 23 78 72 78 40 5 37 20 61 77 25 36 40 5 37 15 32 21 5
BASIC5000_0525 23 35 19 5 27 13 12 37 36 40 11 40 11 40 10 72 60 27 78
BASIC5000_0526 23 34 11 72 38 23 31 64 15 48 69 79 77 64 34 36 5 74 46 6 60 15 5 15 37 23 69 79
BASIC5000_0527 20 68 79 24 78 76 76 31 23 41 76 31 5 29 79 38 79 38 5 64 44 37 25
BASIC5000_0528 23 40 15 36 76 40 71 40 5 23 67 15 32 5 12 31 15 21 78 3 73
BASIC5000_0529 61 40 38 8 76 39 79 5 34 31 71 5 79 44 11 10 23 8 36 15 32 21 5
BASIC5000_0530 6 76 14 38 58 79 23 77 62 19 79 44 71 34 15 41 11 17 40 21 5
BASIC5000_0531 23 49 74 77 13 71 23 36 23 65 34 13 78 44 21 5 29 15 77 23 31
BASIC5000_0532 23 46 71 15 51 13 69 79 32 34 31 41 34 59 78 17 79 22 5 44 11 5 51 15 12 70 79 66 15 45 24 60 34 31
BASIC5000_0533 23 61 77 19 25 72 10 38 25 19 38 12 37 13 40 11 34 31
BASIC5000_0534 27 79 19 79 23 36 64 23 40 15 36 64 55 25 38 77 35 15 25
BASIC5000_0535 68 79 13 77 6 23 40 76 40 5 37 39 78 39 78 11 13 35 26 17 40 21 5
BASIC5000_0536 10 79 3 63 44 31 63 41 25 55 36 37 78 23 65 12 38 60 34 36 31 15 23 79 41 44 71 43 46 40 72 60 27 78 37 23 31
BASIC5000_0537 5 33 60 5 44 10 33 46 12 25 5 63 78 41 6 11 78 37 5 31
BASIC5000_0538 23 11 23 19 78 41 33 37 76 17 79 21 78 13 76 12 34 19 79 44 23 17 78 37 76 24 68 79 41 35 11 6 19 38 12 37 13 73 23 25 79 12 15 44 23 17 78 44 38 13 41 13 19 8 73 10 38 38 5 8 46 19 39 64 31 33 12 17 79 21 78 13 77 31 31 15 10 38 23 11 23 40 5 38 68 79 12 34 19 79 64 10 79 5
BASIC5000_0539 10 79 68 13 44 31 63 11 74 71 76 23 67 34 47 35 37 13 40 11 34 31
BASIC5000_0540 45 74 79 25 5 27 79 76 41 27 78 75 15 24 67 79 5 33 43 78 41 64 39 34 36 15 73
BASIC5000_0541 23 18 61 33 65 78 77 57 5 15 8 78 41 62 11 8 41 5 34 36 64 71 8 73
BASIC5000_0542 31 5 15 35 25 73 39 19 75 11 38 36 64 31 44 23 11 34 31
BASIC5000_0543 23 31 5 19 38 44 37 13 73 24 68 79 12 64 34 38 3 72 27 79 18 78 44 3 60 72 40 5 23 65 11 5 27 79 11 35 77 31 44 23 62 19 38 12 37 13 73
BASIC5000_0544 6 12 5 16 25 72 37 31 49 31 49 6 12 5 77 23 36 15 32 21 5
BASIC5000_0545 12 46 34 38 13 3 5 77 5 74 36 61 77 10 19 23 31
BASIC5000_0546 12 60 78 25 73 44 12 62 26 11 23 79 44 76 11 74 44 39 77 19 23 31 36 79 33 69 79 21 37 3 73
BASIC5000_0547 39 15 21 5 23 65 76 29 44 24 31 5 41 31 5 23 69 23 70 79 38 23 31 12 62 32 32 34 31
BASIC5000_0548 12 34 11 72 23 31 19 38 41 76 11 74 76 25 37 41 23 67 34 47 35 23 36 23 60 34 36 5 31
BASIC5000_0549 27 63 36 49 69 79 13 44 38 13 16 71 5 76 10 21 17 77 44 60 40 5 16 71 5 44 51 78 55 35 77 64 35 55 13 32
BASIC5000_0550 21 39 21 78 76 61 72 69 15 36 13 40 19 27 79 44 64 33 42 23 40 44 41 29 44 11 33 12 76 11 71 26 24 52 78 77 19 44 60 40 5
BASIC5000_0551 19 31 8 71 74 40 5 19 38 12 76 11 34 36 5 73 27 79 38 41 23 35 64 78 77 23 36 76 5 17 40 5
BASIC5000_0552 23 78 36 79 3 78 12 23 69 79 41 78 21 74 73 19 38 76 40 21 29 79 32
BASIC5000_0553 12 5 23 67 35 25 73 70 72 11 76 62 23 75 5 8 41 5 31 5
BASIC5000_0554 64 15 28 78 41 27 60 34 31 23 17 78 44 19 38 12 11 74 44 19 19 75 41 10 79 13 15 48 75 12 34 31
BASIC5000_0555 33 67 79 51 35 41 57 78 31 5 23 76 32 74 32 11 23 34 36 5 60 25 11
BASIC5000_0556 19 78 46 78 57 36 73 44 54 66 12 38 74 73 37 23 69 79 11
BASIC5000_0557 76 31 23 24 23 78 76 68 79 51 9 79 77 5 33 39 64 61 31 19 38 12 40 5
BASIC5000_0558 51 43 12 36 78 53 15 23 10 79 28 79 44 24 69 79 13 65 15 12 6 61 41 40 18 32 21 74 31
BASIC5000_0559 13 17 78 77 21 17 36 3 78 28 78 41 5 13 73 44 12 27 79 30 78 57 78 44 79 37 23 69 79 11
BASIC5000_0560 5 60 39 13 43 78 19 79 24 69 74 35 32 40 78 36 5 34 36 64 76 11 5 66 35 44 45 78 47 35 77 15 79 32 17 37 25 70
BASIC5000_0561 61 14 76 13 46 71 77 23 31 41 23 36 70 19 41 40 34 36 15 32 21 5
BASIC5000_0562 51 43 76 24 69 79 62 5 78 28 78 5 78 77 44 27 31 60 60 33 78 58 35 23 31
BASIC5000_0563 51 43 44 25 12 31 76 25 5 54 79 27 78 44 62 19 79 8 38 61 8 40 15 40 34 31
BASIC5000_0564 51 43 41 44 34 36 5 73 19 38 76 10 58 74 73 38 68 79 58 79 17 78 77 38 64 40 34 36 75 79 20 15 44 40 11 41 5 73 44 38 10 40 24 37 3 73
BASIC5000_0565 51 43 37 72 69 19 79 25 73 44 76 15 73 60 37 72 69 19 79 25 73 70 72 64 24 11 78 12 11 11 73
BASIC5000_0566 40 78 21 35 11 44 23 78 11 78 23 69 77 3 63 72 11 41 33 67 79 64 78 23 31
BASIC5000_0567 19 8 77 13 79 36 25 16 24 7 79 78 32 38 76 11 34 31
BASIC5000_0568 43 51 32 77 38 72 45 26 23 36 5 31 32 17 60 25 11
BASIC5000_0569 68 34 15 72 37 64 33 65 15 24 35 41 66 34 36 68 17 46 23 69 79 52 41 76 11 35
BASIC5000_0570 61 78 27 79 70 79 21 78 14 69 79 70 79 77 51 15 63 36 20 61 44 11 21 77 19 78 47 15 38 11 25 73 13 13 44 19 78 20 44 23 24 69 79 27 79 33 69 79 27 79 12 57 79 27 79 39 44 39 79 19 79 38 11 78 74 78 23 36 33 67 79 64 15 21 74 73
BASIC5000_0571 68 61 19 76 19 44 60 8 44 75 15 12 35 41 19 39 64 24 32 5 44 68 79 24 78 38 17 34 19 78 23 31
BASIC5000_0572 45 46 75 51 25 15 23 12 13 69 15 38 79 75 23 3 37 32 5 38 11 5 44 48 38 35 37 25
BASIC5000_0573 23 78 63 79 77 11 17 36 23 69 15 62 77 24 34 27 78 23 25 55 36 44 17 79 21 35 11 78 44 19 19 75 41 48 77 38 64 23 36 15 74 60 23 31
BASIC5000_0574 46 34 23 23 40 5 37 25 60 25 57 79 57 79 76 3 72 60 25 11
BASIC5000_0575 68 8 41 13 78 41 15 44 20 24 67 34 47 79 27 78 38 12 23 58 79 41 38 34 36 11 76 71 74 73 11 44 79 27 79 12 3 73
BASIC5000_0576 68 79 55 76 10 5 37 41 40 73 11 38 10 60 33 23 36 5 60 23 31
BASIC5000_0577 19 13 65 15 41 31 5 25 73 11 78 68 79 44 37 78 76 12 36 74 60 79 17 36 4 78 16 52 44 23 67 70 79 14 69 79 62 37 3 73
BASIC5000_0578 11 78 17 35 41 68 79 38 57 53 58 79 62 44 75 78 36 78 76 41 24 67 34 27 79 13 44 74 13 23 76 52 78 11 25 5 31 5 44 74 13 23 37 3 73 38 68 79 19 38 32
BASIC5000_0579 19 79 8 78 8 5 15 70 72 64 62 23 75 39 79 52 35 8 78 41 5 13 31 5
BASIC5000_0580 23 67 24 67 35 20 11 44 24 69 44 70 79 31 5 76 11 5 57 79 41 62 11 34 36 5 73
BASIC5000_0581 48 38 63 37 17 21 76 11 74 12 21 5 19 79 44 10 23 65 74 77 23 36 5 73 19 38 41 13 12 35 5 31
BASIC5000_0582 36 35 44 11 79 36 78 12 70 79 75 34 47 31 5 72 15 41 10 72 31
BASIC5000_0583 36 35 76 43 34 23 36 11 71 13 67 79 41 74 79 13 65 15 23 36 66 13 77 5 74 73
BASIC5000_0584 3 63 35 68 77 24 67 79 52 78 23 44 18 73 70 79 41 56 78 13 77 41 11 5 42 73 55 13 32
BASIC5000_0585 45 35 11 43 26 61 38 39 52 43 26 61 76 19 38 40 73
BASIC5000_0586 13 31 40 5 19 79 5 44 62 15 5 76 11 40 71 26 24 52 78 41 11 8 34 36 15 73
BASIC5000_0587 45 33 39 72 76 33 69 79 38 10 40 24 16 71 5 33 79 21 5 38 72 37 25
BASIC5000_0588 23 13 67 79 37 78 59 79 12 11 44 24 69 77 10 79 5 29 14 37 38 79 13 69 79 41 35 74 64 39 23 31
BASIC5000_0589 36 79 19 15 60 8 41 60 15 12 3 12 72 45 24 63 31 44 76 10 11 23 11 34 31
BASIC5000_0590 70 20 23 21 8 23 40 17 74 46 57 78 77 5 8 41 64 34 36 11 8 34 36 5 79
BASIC5000_0591 70 20 21 40 5 11 14 72 19 44 57 78 77 64 33 11 8 34 36 64 5 79 37 25 70
BASIC5000_0592 23 65 11 5 36 13 40 11 11 76 72 3 5 76 19 44 23 20 38 41 76 41 24 36 13 40 44 37 25
BASIC5000_0593 58 79 72 69 15 77 38 72 23 60 73 44 76 27 79 51 44 27 13 41 78 37 3 73
BASIC5000_0594 56 79 24 44 23 31 44 20 79 17 79 12 15 76 15 72 19 23 41 40 34 36 5 73
BASIC5000_0595 51 31 72 44 19 39 64 44 31 25 38 33 33 10 66 44 38 23 41 48 38 23 11 34 31
BASIC5000_0596 12 15 29 44 64 44 44 57 79 12 8 70 72 64 19 79 11 37 25
BASIC5000_0597 70 19 41 40 34 36 61 73 38 29 44 55 34 38 76 38 36 64 43 20 19 33 12 70 11 34 31
BASIC5000_0598 61 40 61 23 69 38 79 44 19 61 67 41 36 4 79 44 40 11 41 76 60 34 31 15 44 27 79 45 78 31 5 44 17 35 8 78 11 78 17 79 44 47 31 79 78 12 11 78 29 15 21 74 73 37 3 75 79
BASIC5000_0599 48 31 5 12 48 75 5 44 76 3 31 60 12 38 36 64 5 79 19 38 77 3 71 76 23 36 5 73
BASIC5000_0600 72 24 11 5 76 11 5 12 5 44 64 33 11 52 77 57 79 13 25 73 19 38 77 17 35 14 23 60 23 31
BASIC5000_0601 5 75 78 12 40 17 74 46 19 19 37 11 5 77 38 24 73 19 38 41 23 70 79
BASIC5000_0602 21 71 3 71 5 77 63 79 24 71 74 36 11 44 24 69 76 15 33 77 38 12 71 27 31
BASIC5000_0603 19 19 75 61 76 32 5 31 5 41 10 5 36 23 34 47 5 32 34 31
BASIC5000_0604 32 78 27 79 12 35 60 41 5 75 5 75 40 19 38 77 11 15 25 44 76 60 33 12 34 36 5 73
BASIC5000_0605 19 78 11 5 37 76 31 23 76 41 39 41 67 79 70 79 15 41 5 34 31 19 38 41 40 73
BASIC5000_0606 10 38 23 70 72 41 66 21 23 15 25 73 19 38 76 70 5 19 38 32
BASIC5000_0607 19 66 76 20 24 67 79 63 79 38 73 44 11 78 11 15 37 31 36 71 74 31
BASIC5000_0608 6 78 63 79 41 3 60 78 24 73 15 71 5 40 71 24 21 35 23 31 57 79 12 5 79
BASIC5000_0609 48 38 62 11 23 60 8 32 34 31 71 8 13 66 74 25 38 71 78 66 49 69 79 5 78 44 60 33 3 5 23 35 37 31 46 19 41 48 77 35 17 73 44 77 31 63 71 6 48 38 76 5 40 11 34 31 32 75 79
BASIC5000_0610 23 34 17 44 10 79 5 13 19 79 76 29 44 45 78 38 79 44 38 15 23 69 15 37 25
BASIC5000_0611 24 35 77 68 79 38 76 31 23 31 33 76 21 15 43 78 17 34 19 78 23 60 23 31
BASIC5000_0612 10 38 38 5 16 79 28 78 37 78 23 65 44 40 11 37 11 44 24 69 38 37 3 34 31
BASIC5000_0613 18 35 70 79 60 37 41 19 44 23 20 38 77 10 8 36 15 32 21 5
BASIC5000_0614 31 63 23 36 61 73 38 3 74 34 15 25 76 31 78 41 64 44 60 43 77 23 36 5 73 44 37 76 40 5 19 38 12 76 11 34 31
BASIC5000_0615 61 64 62 25 52 12 21 23 14 37 64 43 26 15 71 23 5
BASIC5000_0616 70 15 43 78 32 5 5 33 24 27 11 5 31 5 27 78 12 45 24 60 72 60 23 31
BASIC5000_0617 68 5 35 24 78 27 79 41 5 61 77 3 31 8 36 15 74 73 70 79 40 18 79 24 67 35 21 15 48 78 44 40 11 41 6 35 15 23 79 24 78 27 79 38 68 79 64 44 64 51 15 63 36 11 78 12 8 73 19 38 41 70 34 36 76 31 23 76 44 33 41 19 44 38 57 79 64 40 5 11 78 12 8 77 23 67 79 27 79 23 31 44 32 12 29 74 37 64 76 31 23 12 29 78 33 69 79 23 36 5 31 44 76 66 45 72 49 37 3 34 31
BASIC5000_0618 63 79 18 78 76 23 40 11 34 31 12 11 74 76 76 31 23 12 6 29 77 35 5 36 5 73 38 3 78 41 57 44 63 11 23 31
BASIC5000_0619 10 35 12 24 67 31 15 14 69 79 62 44 24 34 23 41 70 72 8 31 27 79 11 76 19 79 10 35 29 79 57 79 41 13 30 15 25 73 64 44 38 25 73
BASIC5000_0620 27 78 32 5 8 5 34 36 38 78 58 12 8 72 37 11 8 34 36 13 60 23 31
BASIC5000_0621 76 31 23 13 69 79 76 38 34 36 64 23 3 76 27 40 13 52 78 40 44
BASIC5000_0622 12 78 27 13 66 19 79 52 35 76 5 75 5 75 40 63 78 37 76 31 23 31 33 41 68 79 8 13 37 3 73
BASIC5000_0623 10 79 77 8 31 13 72 78 64 60 31 24 67 61 69 79 77 64 31 40 5 5 13 64 44 32 12 19 44 66 60 5 46 11 72 76 33 72 69 79 44 57 79 57 79 12 40 5
BASIC5000_0624 57 19 79 33 67 79 41 11 46 78 11 71 63 77 45 40 21 40 5 70 79 41
BASIC5000_0625 13 6 29 79 32 5 40 17 79 11 15 64 5 79 17 74 39 60 26 76 24 52 78 44 3 23 64 38 77 11 31 63 73 19 38 11 71 45 24 63 36 57 23 79 70
BASIC5000_0626 5 24 78 38 68 79 64 44 76 76 11 5 19 75 41 15 75 79 23 31 48 38 12 10 79 5
BASIC5000_0627 3 21 45 66 15 48 38 77 57 79 64 78 25 73 44 76 74 79 14 41 45 78 25 73
BASIC5000_0628 38 23 78 37 76 19 79 29 79 49 73 12 6 20 44 31 17 44 19 44 70 79 41 51 8 36 5 73
BASIC5000_0629 3 21 48 23 78 52 78 41 76 29 44 41 67 79 25 76 44 34 36 5 40 5
BASIC5000_0630 76 31 23 44 30 78 37 31 33 79 77 36 41 5 74 73 19 38 12 37 13 40 11 34 31
BASIC5000_0631 31 60 20 77 10 38 21 40 5 70 79 41 13 77 35 17 40 21 5
BASIC5000_0632 23 51 15 17 79 11 78 12 23 24 67 79 32 5 38 79 72 69 79 44 23 78 56 78 77 11 31 63 36 5 31
BASIC5000_0633 40 35 46 44 38 79 13 69 79 76 31 5 51 79 41 61 60 76 74 66 25 5
BASIC5000_0634 6 17 35 17 37 41 67 79 5 78 44 36 35 26 13 77 23 36 15 32 21 5
BASIC5000_0635 27 79 52 35 12 15 23 65 76 29 78 23 35 76 23 78 19 15 32 38 23 67 33 69 79 23 36 5 73
BASIC5000_0636 23 78 52 78 41 70 74 46 38 79 13 69 79 12 27 11 5 37 64 34 38 64 27 79 11 35 48 12 31 11 5 29 79 32
BASIC5000_0637 63 77 38 24 73 11 38 24 40 5 6 33 41 76 31 23 76 43 62 34 36 23 60 34 31
BASIC5000_0638 33 67 79 10 79 27 78 41 10 5 37 44 10 13 65 15 21 60 76 35 14 44 8 13 37 10 44 72 11 8 15 32 21 5
BASIC5000_0639 25 71 25 71 5 8 73 70 79 41 40 73 60 37 19 44 52 78 77 3 78 13 23 40 21 5
BASIC5000_0640 25 72 54 71 25 44 76 23 79 35 37 76 40 15 15 35 41 23 75
BASIC5000_0641 25 73 38 21 73 76 33 79 21 40 52 72 13 44 19 34 53 77 64 34 36 3 73 13 60 76 72 60 23 31
BASIC5000_0642 25 78 46 71 23 79 35 60 32 23 25 78 46 71 23 79 45 45 10 66 32
BASIC5000_0643 43 70 79 38 23 31 38 19 75 8 11 74 11 71 37 78 76 12 11 11 34 36 13 31
BASIC5000_0644 43 73 60 8 41 3 11 72 77 17 25 44 77 76 25 74 40 5 70 79 41
BASIC5000_0645 15 79 19 79 60 37 39 44 15 71 5 11 11 73 38 10 64 5 60 25 11
BASIC5000_0646 33 67 79 11 5 66 15 12 23 34 11 72 23 36 5 73 38 38 72 48 13 12 25 62 79 26 41 5 15
BASIC5000_0647 19 21 63 44 38 13 76 11 21 76 66 15 41 31 35 12 39 23 65 52 72 44 38 13 76 57 38 78 39 66 15 41 31 31 40 5
BASIC5000_0648 36 64 38 41 3 73 39 44 70 79 40 52 13 77 64 33 79 36 64 8 5 26 38 31 31 11 6 48 35 70 79 12 3 73
BASIC5000_0649 49 69 79 5 78 44 6 23 75 41 3 73 3 44 31 36 64 44 76 40 78 37 25 11
BASIC5000_0650 36 77 3 71 34 36 23 60 34 31 71 19 19 8 10 5 37
BASIC5000_0651 8 79 30 15 36 13 40 5 8 77 64 31 40 11 34 31 11 71 23 69 15 72 69 79 44 31 63 44 21 15 64 35 77 21 5 46 5 25 73 19 38 12 40 11 34 31
BASIC5000_0652 37 78 38 79 44 45 35 63 79 76 8 24 29 78 41 70 73 38 21 74 36 5 73
BASIC5000_0653 48 18 13 44 57 78 23 35 76 31 78 56 78 23 69 79 27 35 44 29 74 38 10 40 24 70 79 41 29 44 11 34 38 79 37 3 73
BASIC5000_0654 3 78 19 15 44 10 79 24 38 76 3 15 60 44 19 38 37 3 73
BASIC5000_0655 23 69 34 33 67 79 45 40 77 11 78 37 5 40 17 74 46 40 72 60 27 78
BASIC5000_0656 3 11 78 58 79 12 70 15 29 79 44 40 11 37 58 33 65 58 33 65 66 34 36 5 31
BASIC5000_0657 5 34 53 78 32 34 36 57 58 70 78 59 78 39 11 11 73 78 32 11 71
BASIC5000_0658 19 15 61 78 29 79 27 79 21 78 76 5 34 19 15 44 22 5 38 21 79 49 25 77 11 54 79 11 33 37 45 11 34 31 29 79 27 79 21 78 32 11 37 3 73
BASIC5000_0659 25 40 45 60 37 5 75 78 40 11 5 77 48 75 6 44 76 24 35 41 31 44 23 79
BASIC5000_0660 33 67 79 12 8 72 25 73 24 7 34 38 19 79 25 31 79 41 44 34 31 71 13 64 33 76 73 15 40 34 33 65 34 31
BASIC5000_0661 57 23 6 71 40 5 41 70 73 38 11 44 24 69 38 58 15 76 3 60 72 3 5 23 69 79 12 70 15 40 5 70 79 32
BASIC5000_0662 63 76 36 77 61 13 76 63 8 73 12 19 19 75 60 37 76 61 13 76 63 8 40 5
BASIC5000_0663 40 61 12 29 44 58 79 38 77 44 61 19 78 37 23 60 34 31
BASIC5000_0664 36 78 43 78 23 18 78 76 62 18 78 41 29 78 22 5 25 73 76 17 37 76 40 5
BASIC5000_0665 51 15 23 65 33 69 79 41 70 73 38 11 5 23 65 76 5 60 32 41 12 5 19 15 44 11 5 23 65 11 71 17 79 66 15 77 64 71 34 36 5 40 5
BASIC5000_0666 27 78 29 79 12 15 41 44 23 18 78 38 75 79 39 79 72 69 15 77 35 11 5 45 31 23 36 23 60 34 31
BASIC5000_0667 40 61 44 10 38 44 57 11 76 40 41 48 38 35 13 19 8 40 11 34 31
BASIC5000_0668 52 34 11 76 66 25 15 40 73 39 19 75 11 31 11 15 40 73 46 11 72 32 34 31
BASIC5000_0669 62 32 78 37 29 19 41 33 67 79 23 65 23 36 76 5 17 60 27 78
BASIC5000_0670 60 33 77 3 18 36 71 5 57 79 23 65 77 19 19 75 11 71 11 78 18 79 23 31
BASIC5000_0671 70 61 31 5 38 10 64 6 57 78 77 39 74 37 64 10 38 72 15 32 21 5
BASIC5000_0672 13 57 78 73 79 73 77 60 40 78 37 23 60 8 46 29 44 18 79 62 76 11 78 31 78 37 25
BASIC5000_0673 33 69 79 38 34 13 67 79 44 30 61 76 48 11 72 70 72 45 66 15 45 23 73
BASIC5000_0674 45 24 63 76 29 74 77 11 78 31 78 40 19 38 32 38 10 64 5 60 23 31
BASIC5000_0675 66 27 73 41 76 11 19 15 40 32 78 24 13 77 23 40 5 38 5 17 40 5 38 10 64 34 36 5 73 48 38
BASIC5000_0676 29 79 30 79 72 69 15 76 25 55 36 44 52 78 63 79 44 19 78 59 78 37 3 73
BASIC5000_0677 61 39 72 76 46 5 10 72 78 12 24 69 79 26 32 38 68 79 44 76 57 78 38 79 37 25 11
BASIC5000_0678 61 39 72 44 24 67 79 31 78 37 76 19 44 3 10 5 11 79 36 78 38 33 69 79 76 23 40 5 32 75 79
BASIC5000_0679 11 20 44 38 72 41 61 26 38 8 21 77 60 5 41 33 66 73 70 79 41 23 36 15 32 21 5
BASIC5000_0680 10 11 79 21 78 76 62 5 23 13 41 5 25 77 35 11 78 32
BASIC5000_0681 31 17 10 76 6 11 72 15 41 10 76 6 11 71 40 5 38 10 64 34 36 5 31 12 17 34 11 76 14 65 15 32 34 31
BASIC5000_0682 21 63 76 29 44 33 41 6 8 31 22 78 41 78 21 37 3 15 63 79 32 11 5
BASIC5000_0683 13 64 44 40 78 36 43 78 41 5 34 11 5 23 11 13 60 27 78
BASIC5000_0684 23 40 64 44 12 25 15 40 5 38 13 41 76 6 72 36 12 68 79 72 32
BASIC5000_0685 5 61 78 76 40 12 74 77 40 23 36 29 44 15 41 41 45 5 34 31
BASIC5000_0686 20 13 69 79 72 69 15 41 31 5 23 3 71 11 24 63 10 74 79 77 64 79 23 3 18 60 25
BASIC5000_0687 15 35 77 42 5 37 11 71 5 8 41 45 5 34 36 15 32 21 5
BASIC5000_0688 28 78 18 35 40 11 31 12 5 23 36 5 71 5 11 74 78 41 76 3 34 36 5 40 5
BASIC5000_0689 11 38 79 27 78 27 79 76 13 69 43 78 3 40 31 44 27 78 27 79 37 23 31 11
BASIC5000_0690 12 15 8 78 21 5 76 71 5 23 67 79 10 19 40 76 74 73 19 38 41 40 34 36 5 73
BASIC5000_0691 6 78 36 78 25 73 38 13 76 5 15 71 33 67 79 5 23 36 64 23 25 14 73 19 38 76 3 72 60 27 78
BASIC5000_0692 38 19 75 64 3 75 79 41 64 78 20 73 37 16 79 28 78 11 44 24 69 41 37 3 34 31
BASIC5000_0693 46 78 43 78 41 40 34 36 29 44 17 33 76 13 60 8 12 70 15 40 34 31
BASIC5000_0694 48 38 15 61 44 36 52 15 75 12 31 15 23 79 44 40 11 41 76 25 74 36 3 34 31
BASIC5000_0695 40 35 5 14 72 25 37 76 3 21 70 24 20 75 41 48 12 44 58 73
BASIC5000_0696 23 78 38 79 13 69 79 19 15 21 5 15 79 19 79 11 71 38 79 13 69 79 41 5 15 57 79 57 79 38 23 36 76 74 34 23 65 66 72 62 24 78 46 25 12 3 72 60 25
BASIC5000_0697 5 23 76 31 11 40 3 61 77 45 34 17 78 21 74 31 46 79 5 48 21 78 58 79 23 44 31 63 5 23 76 31 44 52 52 78 77 61 26 41 42 71 23 36 49 41 79 73 52 15 75 41 35 35 61 3 78 28 78 77 11 15 57 23 36 15 32 21 5
BASIC5000_0698 45 78 31 5 64 79 23 3 18 73 35 64 72 76 28 78 28 78 40 11 34 31 44 37 25
BASIC5000_0699 60 39 14 76 41 25 76 34 31 57 79 12 70 15 3 72 60 27 78 11
BASIC5000_0700 6 33 37 23 38 76 23 38 23 78 23 69 15 77 38 64 41 23 3 71 68 73 52 24 67 35 44 44 6 45 6 38 48 37 78 77 35 31 8 73 27 79 39 32
BASIC5000_0701 28 79 28 79 5 79 40 12 71 64 13 3 5 77 5 74 36 45 23 72 35 26 17 73
BASIC5000_0702 23 12 5 13 69 15 46 78 41 79 5 33 21 78 44 70 78 45 33 75 15 41 79 70 78 21 78 20 79 37 25
BASIC5000_0703 10 51 31 72 44 23 3 76 27 38 20 45 78 8 79 77 5 44 72 60 25
BASIC5000_0704 10 31 12 5 41 3 71 21 12 23 77 25 73 44 76 66 63 60 23 69 79 70
BASIC5000_0705 5 35 79 44 19 38 37 5 23 65 41 61 36 64 71 5 31 5
BASIC5000_0706 10 36 78 13 12 70 11 34 31 44 37 19 79 12 5 77 21 78 59 23 31
BASIC5000_0707 27 78 27 79 27 79 24 41 70 73 23 45 5 44 64 38 37 35 61 44 40 5 48 38 49 38 12 23 61 78 17 78 77 45 15 32 35 21 74 31
BASIC5000_0708 41 17 78 44 23 75 5 5 8 12 61 33 77 45 21 78 37 62 13 3 34 36 31 34 36 5 73
BASIC5000_0709 13 78 8 78 25 73 31 63 41 39 78 40 57 79 57 79 77 35 11 5 60 23 31 11
BASIC5000_0710 28 48 13 36 15 74 73 70 79 41 31 44 78 32 12 11 74 76 19 40 11 34 31
BASIC5000_0711 33 60 31 37 76 5 78 31 79 43 34 38 40 73 64 44 12 45 66 34 36 5 60 25
BASIC5000_0712 11 21 78 63 79 23 11 51 11 21 78 63 79 23 11 39 33 71 11 77 23 31 12 8 36 73 48 69 79 18 78 77 51 31 35 11 17
BASIC5000_0713 33 79 44 31 63 11 74 76 29 79 25 73 19 38 12 37 13 31
BASIC5000_0714 6 73 76 23 44 38 64 70 76 31 23 41 38 34 36 3 40 31 76 8 5 8 78 41 76 11 5 44 32
BASIC5000_0715 23 69 27 35 49 44 48 70 79 76 45 71 34 36 5 31 32 13 60 25
BASIC5000_0716 70 79 25 73 41 31 5 60 78 23 69 79 52 40 78 32 17 39 29 44 23 3 5 40 5 70 79 76 24 69 79 24 78 37 76 11 78 12 8 71 74 40 5 57 39 44 19 79 74 55 73
BASIC5000_0717 5 8 5 8 76 10 31 12 5 41 33 11 26 5 36 31 34 36 5 73
BASIC5000_0718 70 79 76 11 44 24 69 12 48 38 72 37 23 67 15 32 5 77 23 70 79 38 23 40 5 19 38 37 3 73
BASIC5000_0719 35 61 44 5 23 13 12 11 74 44 11 10 41 76 45 34 13 72 3 71 76 74 36 5 73
BASIC5000_0720 52 31 76 3 73 38 15 27 79 77 41 78 18 78 38 13 69 79 68 79 23 36 5 73
BASIC5000_0721 29 38 12 6 73 21 11 34 31 44 37 70 15 43 62 74 40 11 34 31
BASIC5000_0722 37 78 23 78 77 45 35 63 79 23 31 44 76 32 74 32 11 23 34 36 5 60 25 11
BASIC5000_0723 8 78 13 69 72 74 78 3 5 77 23 31 19 38 76 3 72 60 25 11
BASIC5000_0724 10 61 66 18 41 24 67 79 52 78 40 64 44 77 11 6 32 17 44 24 67 79 52 78 40 24 11 78 12 3 72 60 25 11
BASIC5000_0725 36 10 15 74 41 40 71 40 5 6 33 41 48 35 70 79 40 29 33 77 38 73 55 13 37 25
BASIC5000_0726 21 5 32 5 18 78 41 23 67 23 69 79 38 68 79 17 78 72 69 15 77 72 70 79 23 24 19 44 57 23 78 44 31 63 41 72 70 79 25 73 13 35 43 44 70 79 41 26 73 12 23 19 5 23 67 23 69 79 41 61 8 36 15 73
BASIC5000_0727 18 78 12 5 44 5 61 70 61 38 71 40 17 74 46 5 17 40 5
BASIC5000_0728 70 79 13 12 21 62 15 40 73 41 35 74 36 11 74 44 16 3 5 12 60 25 60 25 76 73 15 40 34 31
BASIC5000_0729 60 68 61 38 45 40 23 36 5 73 10 78 40 44 19 76 76 31 23 44 5 64 79 38 37 25
BASIC5000_0730 18 78 8 13 11 71 5 78 31 5 23 31 48 38 76 3 23 12 38 79 44 15 64 44 32
BASIC5000_0731 8 78 75 45 73 46 73 61 10 15 72 41 13 36 15 32 21 73 38 76 40 78 38 20 23 78 27 35 40 78 37 23 69 79
BASIC5000_0732 75 78 52 78 76 13 69 43 78 44 70 72 40 12 11 34 31 12 25 79 41 78 44 12 15 27 79 76 40 78 38 11 23 3 18 31
BASIC5000_0733 17 79 52 64 34 38 17 79 11 78 77 38 79 41 67 79 37 13 73 70 79 41 40 73 60 37 76 24 31 5 77 10 64 36 41 32 21 40 5 70 79 41 23 31 60 8
BASIC5000_0734 62 36 34 59 79 41 3 31 73 64 3 31 71 42 64 61 40 6 78 63 79 32
BASIC5000_0735 20 75 79 76 23 78 27 35 41 64 76 31 23 77 49 69 79 5 78 8 35 74 36 5 34 36 15 74 31
BASIC5000_0736 13 67 79 23 67 35 21 74 36 45 24 63 36 11 44 24 69 76 31 55 31
BASIC5000_0737 11 44 24 69 41 10 79 17 12 77 21 27 71 74 31 27 79 37 19 44 19 44 40 35 66 25 61 44 70 36 79 76 28 78 52 10 24 65 78 41 40 34 36 23 60 34 31 78 37 25 70
BASIC5000_0738 23 65 21 35 21 74 31 38 13 29 44 17 79 11 78 76 48 46 78 32 34 31
BASIC5000_0739 27 78 23 69 79 19 15 76 45 5 27 78 19 15 41 19 79 76 24 69 79 17 78 77 23 74 79 23 31
BASIC5000_0740 3 15 6 78 35 26 13 38 68 79 63 41 3 34 31 44 37 76 31 23 44 22 5 21 78 76 31 33 39 19 75 41 35 5 8 21 34 36 23 60 34 31
BASIC5000_0741 60 35 5 13 23 11 5 27 79 44 14 65 15 36 78 60 78 73 5 21 70 40 71 57 79 62 71 78
BASIC5000_0742 3 66 60 34 36 13 61 44 36 12 61 77 11 5 51 79 23 31 19 38 77 68 73 23 36 15 32 21 5
BASIC5000_0743 62 11 23 76 31 23 12 76 11 11 34 31 38 13 41 76 60 5 41 33 41 34 13 77 35 17 36 5 31 64 44 32
BASIC5000_0744 21 78 12 35 44 10 76 72 41 76 31 23 31 33 76 17 34 19 78 25 73 35 64 72 37 25
BASIC5000_0745 23 69 79 71 5 40 41 12 10 19 73 11 77 23 73 19 38 76 37 13 40 5
BASIC5000_0746 23 67 38 13 12 72 37 27 78 38 79 12 35 26 15 40 11 73 76 78 32 44 45 78 27 79 51 27 79 72 69 15 76 61 40 61 41 62 11 34 36 19 79 27 79 77 35 70 63 36 5 60 25
BASIC5000_0747 21 22 8 76 24 52 78 44 37 78 76 46 78 20 79 77 76 25 74 36 46 11 72 5 73 78 32 11 71
BASIC5000_0748 61 71 5 44 19 38 77 39 79 23 36 29 78 40 41 71 34 11 78 37 13 73 78 37 25 11
BASIC5000_0749 5 78 31 5 23 31 71 70 27 79 77 5 40 11 37 25 20 23 31 5
BASIC5000_0750 20 29 78 53 44 23 41 35 35 23 78 37 3 5 38 79 44 5 77 3 71 76 23 60 25
BASIC5000_0751 8 78 72 69 40 15 76 31 23 44 24 23 69 77 35 11 34 36 15 32 21 5
BASIC5000_0752 21 6 24 3 71 49 3 76 27 13 68 41 48 24 69 79 41 63 16 60 74 36 5 73
BASIC5000_0753 21 5 78 12 13 8 73 60 37 10 31 46 19 76 20 8 78 72 69 15 32 21 5
BASIC5000_0754 10 15 74 36 66 34 36 15 73 44 76 5 11 41 64 11 74 44 66 72 29 79 40 19 38 32 34 31
BASIC5000_0755 15 76 23 15 27 35 63 79 23 36 5 73 24 11 78 12 3 72 60 27 78
BASIC5000_0756 66 60 20 8 44 61 33 76 27 60 15 23 11 64 13 67 79 19 79 46 5 32 34 31
BASIC5000_0757 36 12 13 32 34 31 44 37 29 44 36 12 61 76 3 60 72 70 61 66 25 15 40 11 34 31
BASIC5000_0758 13 49 23 79 18 78 24 35 11 71 38 79 15 45 40 74 36 15 71 23 36 5 73 48 38 64 5 73
BASIC5000_0759 13 69 79 11 23 69 77 38 24 36 76 31 23 44 68 79 19 38 77 13 13 40 21 5
BASIC5000_0760 38 24 69 79 19 15 37 76 25 16 74 31 14 24 67 35 23 65 12 51 29 15 23 36 5 73
BASIC5000_0761 17 79 13 12 25 16 41 11 5 51 15 25 73 38 5 79 44 37 25 12
BASIC5000_0762 23 67 79 13 69 79 76 24 58 79 24 13 41 40 34 31 5 61 78 31 33 77 3 76 74 78 37 31 25 17 77 3 31 8 31
BASIC5000_0763 45 74 12 48 15 60 37 40 78 41 33 15 71 5 11 11 72 60 25 11
BASIC5000_0764 45 73 11 19 79 57 79 44 25 5 54 79 27 78 44 6 8 41 31 5 70 79 12 44 58 34 31
BASIC5000_0765 45 71 76 31 44 41 8 15 72 11 8 73 10 64 5 77 23 31
BASIC5000_0766 38 33 67 79 37 46 25 12 19 23 69 79 23 31 44 37 12 34 19 79 8 45 23 34 36 5 34 31
BASIC5000_0767 10 72 44 40 11 37 11 76 74 73 38 19 39 64 77 6 60 40 5 39 79 52 35 64 5 73
BASIC5000_0768 58 79 74 78 63 79 64 38 11 5 33 69 79 12 45 5 41 78 44 70 79 14 37 31 5 57 21 74 60 23 31
BASIC5000_0769 29 79 30 79 23 79 10 78 12 15 77 13 15 38 51 74 34 39 76 3 31 60 41 15 73 78 32
BASIC5000_0770 8 78 28 35 23 65 76 51 78 30 72 11 8 34 36 19 79 39 79 41 45 5 34 36 5 34 31
BASIC5000_0771 43 78 72 35 41 11 78 22 78 25 73 38 19 44 23 45 78 13 44 30 79 11 76 70 78 47 79 27 78 38 44 27 79 33 69 79 41 40 73
BASIC5000_0772 68 79 24 78 76 40 72 31 77 31 34 36 47 72 41 62 11 34 31
BASIC5000_0773 21 78 14 79 78 76 39 78 40 11 5 27 79 3 78 64 38 79 21 40 15 36 64 11 60 76 40 5 70 79 37 25
BASIC5000_0774 31 17 73 15 78 38 38 41 79 15 78 38 37 76 39 33 71 12 45 66 15 45 23 72 60 25 11
BASIC5000_0775 27 79 51 76 5 78 51 74 70 15 27 79 41 39 72 69 15 25 55 13 32
BASIC5000_0776 48 58 79 72 69 15 23 67 14 23 65 44 60 45 38 71 12 78 24 79 76 27 78 45 34 50 65 15 13 67 79 24 67 79 75 15 43 78 41 6 60 74 31
BASIC5000_0777 15 21 44 40 12 15 44 49 36 5 73 38 19 75 77 68 49 21 23 36 5 79 60 23 31
BASIC5000_0778 46 11 46 11 23 79 38 23 11 5 79 70 79 12 40 5
BASIC5000_0779 54 49 44 19 38 77 11 78 12 8 73 32 17 37 11 44 24 69 44 11 10 76 3 10 15 40 73
BASIC5000_0780 13 69 32 5 40 31 78 11 79 12 35 5 41 5 60 23 12 31 23 67 34 19 79 23 31
BASIC5000_0781 23 78 66 36 74 49 37 11 6 58 79 5 44 8 79 12 77 61 60 23 31 11
BASIC5000_0782 23 31 5 77 11 5 58 79 23 31 17 34 11 19 79 21 35 38 45 78 63 79 23 31
BASIC5000_0783 23 58 79 52 78 76 54 71 23 31 57 79 12 5 79 37 25 43
BASIC5000_0784 13 11 78 23 65 76 40 12 5 11 64 35 23 65 44 74 35 77 48 34 47 34 36 45 23 34 36 5 31
BASIC5000_0785 38 79 24 76 75 79 3 23 65 31 33 44 31 63 44 12 34 19 79 76 48 38 35 64 40 11 34 31
BASIC5000_0786 5 8 38 68 79 40 71 5 79 60 25 12 60 78 12 77 70 62 44 76 60 34 31 15 24 11 78 44 62 32 37 3 73
BASIC5000_0787 11 78 23 65 44 13 64 33 77 10 35 31 8 23 31 5 44 37 25
BASIC5000_0788 5 79 35 17 39 79 72 41 23 40 17 74 46 40 71 40 5
BASIC5000_0789 12 5 60 5 76 58 29 58 29 23 36 5 36 41 34 59 78 24 78 44 15 33 41 76 3 76 40 5
BASIC5000_0790 5 60 21 71 29 78 40 19 38 77 5 34 31 48 41 65 48 41 3 52 71 77 29 29 16 19 38 41 40 73 32 17 32 70
BASIC5000_0791 36 78 19 79 44 5 11 78 41 11 11 76 71 26 8 13 8 62 11 8 41 60 5 72 60 25
BASIC5000_0792 18 78 20 12 39 44 70 79 41 45 24 60 34 31 11 41 35 5 36 76 5 15 35 64 25 5 75 78 76 3 73 12 24 35 76 32 74 64 3 60 72 23 71 40 5
BASIC5000_0793 10 74 79 44 64 79 23 3 18 70 79 64 20 22 5 60 27 78
BASIC5000_0794 45 66 10 13 25 74 46 29 74 32 17 64 34 38 13 52 78 12 70 15 40 73 32 75 79
BASIC5000_0795 23 78 41 67 79 23 65 5 78 76 45 24 63 36 44 23 34 47 5 77 6 60 15 5 79 42 17 31
BASIC5000_0796 66 43 12 45 29 78 23 31 5 8 76 5 60 37 76 23 67 79 72 12 11 78 72 69 79 23 36 5 73
BASIC5000_0797 23 69 79 30 79 12 77 11 15 24 67 78 49 38 23 36 76 31 23 44 38 64 32 33 76 31 5 23 69 79 77 70 15 11 78 21 35 25 73 31 63 44 23 65 23 78 77 31 15 21 78 38 73
BASIC5000_0798 19 79 12 78 62 33 38 76 60 21 41 3 5 35 44 19 38 32
BASIC5000_0799 19 79 21 78 25 73 15 71 5 40 71 23 78 32 57 79 12 60 23 32
BASIC5000_0800 40 11 41 40 41 12 45 5 34 36 5 73 44 11 76 31 23 41 76 11 73 70 79 41 46 34 16 77 3 17 36 15 32 21 5
BASIC5000_0801 70 58 79 27 34 23 67 77 6 17 36 5 11 40 13 65 5 17 40 5
BASIC5000_0802 43 19 76 15 71 66 61 37 64 63 12 61 8 73 44 79 72 69 15 77 64 34 36 5 73
BASIC5000_0803 24 67 14 69 79 12 10 76 73 38 25 16 41 11 74 71 76 13 69 79 23 35 11 71 45 23 72 37 31
BASIC5000_0804 11 40 71 26 39 3 41 11 14 77 11 17 73 70 79 41 23 36 15 32 21 5
BASIC5000_0805 8 71 52 55 13 76 31 32 48 38 35 27 79 19 79 11 23 11 44 5 26 74 11
BASIC5000_0806 3 78 33 67 79 64 21 15 64 5 79 17 74 39 29 75 29 75 17 35 75 78 77 32 23 36 15 74 40 5 11 43
BASIC5000_0807 25 16 74 31 13 69 79 5 15 44 11 33 76 13 78 27 78 37 76 45 11 74 40 5
BASIC5000_0808 15 33 49 73 41 36 77 3 36 36 32 60 34 36 5 75 38 3 5 26 25 73
BASIC5000_0809 19 78 40 78 77 13 72 42 17 71 74 31 44 76 25 61 25 21 78 44 10 11 18 32
BASIC5000_0810 43 19 12 23 78 32 38 13 32 5 3 40 76 21 15 71 78 24 69 79 31 5 41 40 34 31
BASIC5000_0811 23 78 47 5 23 40 5 37 10 60 8 44 63 78 39 79 76 61 73 11 71
BASIC5000_0812 20 29 78 53 44 20 27 79 13 69 41 31 5 23 35 35 23 78 37 3 5 38 79 44 5 77 3 71 76 23 60 25
BASIC5000_0813 28 78 19 79 27 79 38 12 3 31 71 23 79 13 29 15 41 45 78 31 5 23 36 5 73
BASIC5000_0814 39 79 73 12 35 79 23 78 53 75 38 19 73 44 19 79 27 79 77 11 8 73 19 38 76 5 38 23 36 5 40 11 34 31 38 68 79 19 38 41 33 67 79 5 25 55 13 37 3 73
BASIC5000_0815 70 75 19 49 44 40 61 76 38 13 45 40 31 74 31 76 31 23 44 19 19 75 77 31 32 70 6
BASIC5000_0816 31 10 74 31 13 12 24 65 60 41 40 34 36 76 31 23 76 15 73 60 77 23 65 19 11 71 32 27 40 11 34 31
BASIC5000_0817 23 78 32 78 76 5 23 65 41 60 11 27 40 17 74 46 40 72 60 27 78
BASIC5000_0818 26 35 79 12 23 31 44 37 3 25 50 72 78 77 41 24 69 79 44 78 32
BASIC5000_0819 39 75 23 79 76 11 74 41 25 46 71 23 79 10 15 72 64 44 77 10 15 34 31
BASIC5000_0820 39 74 25 12 42 72 31 36 44 56 78 13 12 35 5 36 73 70
BASIC5000_0821 39 71 5 49 78 16 25 15 79 73 41 5 34 36 5 60 25
BASIC5000_0822 39 73 56 34 15 44 5 61 76 35 70 5 15 41 41 35 17 38 68 79 19 38 37 25
BASIC5000_0823 39 72 25 76 61 78 40 44 13 64 33 77 11 78 12 8 36 3 18 73
BASIC5000_0824 25 76 34 36 61 73 38 29 44 5 25 12 19 19 33 70 5 44 12 76 11 34 31
BASIC5000_0825 8 78 77 39 73 41 11 8 36 15 74 73 14 78 19 79 12 3 72 60 25 11
BASIC5000_0826 39 34 53 71 79 19 79 11 76 60 31 5 34 47 78 41 48 11 72 38 57 79 23 65 8 43 73 14 79 41 10 5 36 64 61 71 74 73
BASIC5000_0827 39 40 73 39 76 31 41 78 44 76 73 16 33 77 68 79 48 38 76 25 13 37 40 5
BASIC5000_0828 5 75 5 75 33 12 34 31 66 15 76 72 12 48 71 11 74 36 5 73 19 38 77 24 69 27 79 31 33 76 5 60 23 72 45 24 63 36 5 73
BASIC5000_0829 25 13 40 48 38 40 71 32 74 41 37 64 29 74 77 3 18 40 21 5
BASIC5000_0830 39 79 75 77 10 79 32 78 25 73 38 13 76 13 77 35 17 40 21 5
BASIC5000_0831 5 14 12 40 11 34 31 44 37 11 74 71 76 29 44 17 79 11 15 77 25 25 63 31
BASIC5000_0832 24 34 33 76 72 75 78 38 39 79 70 79 41 31 5 27 35 37 3 73 12 76 74 76 74 76 72 75 78 77 10 64 78 24 24 34 33 77 11 75 78 26 73 17 79 19 79 12 3 73
BASIC5000_0833 6 33 67 79 48 19 79 23 31 33 12 52 24 41 64 39 34 31 44 37 48 38 49 38 76 70 75 19 78 32
BASIC5000_0834 19 44 61 41 35 5 36 27 35 63 79 25 73 19 38 76 37 13 40 5
BASIC5000_0835 51 3 78 40 38 13 64 11 40 72 3 34 31 12 17 34 13 69 15 76 25 55 36 12 6 60 15 5 34 31
BASIC5000_0836 5 75 17 70 72 15 5 17 11 71 76 29 75 29 75 29 35 14 69 79 23 36 64 5 79 10 38 23 20 75 32 38 10 64 6 17 39 43
BASIC5000_0837 61 33 19 76 60 73 37 24 52 78 24 23 78 12 57 34 13 69 15 8 5 34 36 13 31 11 44 70 79 40 15 33 52 72 32
BASIC5000_0838 10 79 24 69 76 11 74 77 61 36 76 71 76 26 41 5 71 74 40 11 34 31
BASIC5000_0839 19 79 11 44 11 33 76 35 11 76 74 31 13 78 30 15 44 10 64 21 41 70 34 36 13 60 34 31
BASIC5000_0840 15 75 32 23 69 79 12 34 19 79 37 76 13 63 71 74 31 24 19 15 41 3 35 60 34 36 23 67 79 32 78 38 79 19 79 23 60 25
BASIC5000_0841 70 73 24 67 79 24 5 19 79 41 48 38 41 37 78 76 25 73 41 76 21 17 73 55 13 32
BASIC5000_0842 74 79 41 70 34 36 11 44 24 69 76 60 31 24 11 78 39 79 72 41 76 3 71 76 74 40 11 34 31
BASIC5000_0843 13 69 79 13 44 24 69 79 31 5 44 21 5 41 28 78 3 15 77 15 55 35 21 27 70 6 38 23 36 64 62 32 37 3 73
BASIC5000_0844 70 44 40 11 41 40 34 38 15 37 13 73 64 44 40 78 36 40 5 70
BASIC5000_0845 19 24 60 27 78 27 79 76 33 69 79 23 69 15 20 31 46 19 77 5 34 53 15 25 34 31
BASIC5000_0846 18 78 46 41 76 11 74 41 51 72 40 23 69 79 19 48 78 76 40 41 64 40 11 34 31
BASIC5000_0847 31 38 8 46 3 40 31 44 70 79 40 76 11 5 48 38 31 33 12 19 44 23 20 38 41 76 48 35 70 79 32
BASIC5000_0848 60 5 20 44 10 78 40 44 19 76 25 25 72 40 13 23 40 12 71 40 60 8 77 5 34 36 5 31
BASIC5000_0849 27 78 13 69 15 44 61 40 10 23 44 19 19 75 61 76 45 78 31 5 44 11 55 41 52 33 3 31 72 60 23 31
BASIC5000_0850 23 67 34 25 5 44 48 12 5 76 27 78 60 78 39 73 41 31 34 23 36 5 73
BASIC5000_0851 24 69 29 79 23 36 5 73 8 39 77 29 79 30 79 23 36 20 71 78 70
BASIC5000_0852 5 29 12 23 15 40 5 38 13 41 5 35 11 10 31 26 43 15 32 21 5
BASIC5000_0853 12 5 52 11 71 44 3 35 72 69 15 12 60 25 60 25 35 70 15 40 34 36 13 36 5 73
BASIC5000_0854 40 78 39 64 40 78 39 64 60 17 31 3 38 37 35 5 41 11 74 76 19 79 21 78 23 31
BASIC5000_0855 51 39 79 21 78 44 11 11 15 12 41 34 59 78 37 76 5 24 69 79 40 57 39 41 19 79 38 79 23 36 13 31
BASIC5000_0856 60 5 38 23 45 73 41 40 73 38 41 76 41 37 73 44 77 31 44 23 61 41 23 36 5 73
BASIC5000_0857 27 79 20 75 34 11 18 35 44 62 25 19 41 45 12 45 8 11 11 34 36 5 60 25
BASIC5000_0858 28 78 27 79 13 44 40 11 20 75 60 37 41 34 59 78 12 57 79 17 78 19 34 11 37 3 34 31 19 38 76 70 15 23 71 74 36 5 73
BASIC5000_0859 27 79 38 31 33 76 15 32 71 40 5 23 35 64 78 37 27 78 27 79 77 19 60 71 27 31
BASIC5000_0860 51 40 32 23 12 23 78 38 79 41 15 76 76 73 11 39 79 11 76 21 32 11 37 76 40 5
BASIC5000_0861 20 23 35 64 78 44 36 78 41 11 78 23 36 76 68 79 55 13 19 38 76 40 41 64 3 72 60 27 78
BASIC5000_0862 13 18 78 28 78 40 40 48 65 15 40 40 24 67 79 75 15 43 78 21 5 23 69 44 10 72 78 50 34 15 13 69 79 14 31 5 11 5 76 14 72 23 65 24 78 44 23 67 23 78 28 6 25 77 31 31 8 73 31 63 10 72 78 59 25 21 78 44 51 64 38 37 11 5 21 5 21 74 31
BASIC5000_0863 33 67 79 17 78 45 33 19 79 44 30 79 76 23 52 66 8 13 60 8 41 31 34 36 5 73
BASIC5000_0864 23 78 23 65 33 69 79 76 11 5 23 65 44 31 5 23 35 77 17 78 20 40 64 44 41 35 15 72 3 18 31
BASIC5000_0865 10 29 60 35 40 64 44 37 25 12 76 31 23 44 24 36 78 23 65 77 10 35 11 5 15 32 21 5
BASIC5000_0866 44 34 38 72 45 78 41 78 76 41 48 65 15 60 78 39 73 44 61 44 23 75 13 78 77 70 79 13 67 79 23 31
BASIC5000_0867 10 27 76 41 40 34 31 25 55 36 44 11 31 12 31 41 10 74 79 44 19 38 46 77 44 55 31 5 38 10 64 5 60 25
BASIC5000_0868 19 79 23 65 12 28 78 23 69 79 23 31 38 68 79 23 71 27 76 25 16 41 60 33 24 67 79 41 35 31 76 34 31
BASIC5000_0869 20 21 5 61 60 78 44 23 69 79 24 78 76 41 67 79 24 69 79 72 69 79 76 5 72 60 27 78
BASIC5000_0870 44 27 71 74 73 44 76 48 65 34 13 75 12 60 34 15 25 37 25
BASIC5000_0871 58 79 17 78 77 23 40 17 74 46 40 41 64 36 41 45 5 71 40 5
BASIC5000_0872 27 78 66 15 12 3 72 60 25 44 37 22 78 43 78 40 12 71 20 23 69 79 31 5 41 10 79 24 11 43 60 25
BASIC5000_0873 19 12 31 23 65 44 52 79 62 76 10 76 75 79 38 23 36 5 73
BASIC5000_0874 23 67 34 11 44 21 5 76 25 16 41 48 65 15 24 67 79 13 67 79 46 78 41 37 78 76 23 40 17 74 46 40 71 40 5
BASIC5000_0875 8 32 76 23 40 34 31 17 39 10 74 76 23 40 11 34 31
BASIC5000_0876 63 12 21 63 36 61 73 38 68 13 12 51 34 36 5 31
BASIC5000_0877 3 68 61 33 65 78 44 3 23 12 11 76 11 28 44 3 10 72 77 6 17 36 5 31
BASIC5000_0878 12 78 19 41 40 71 26 48 38 38 40 11 70 15 25 73 19 38 37 25
BASIC5000_0879 23 65 11 41 27 34 59 79 38 76 30 78 24 60 25 12 5 23 65 64 13 78 8 78 21 74 31 57 79 12 70 75 23 79 44 37 76 40 5 37 23 69 79 11
BASIC5000_0880 63 35 13 37 3 40 31 12 45 71 77 31 36 31 38 68 79 19 38 12 76 11 73
BASIC5000_0881 63 41 61 8 73 3 31 72 44 45 71 76 60 34 23 75 32 34 31
BASIC5000_0882 63 44 38 39 15 11 14 72 62 14 46 31 17 5 12 5 76 40 41 64 61 8 40 11 34 31
BASIC5000_0883 13 23 65 76 10 64 34 36 5 31 57 39 19 78 37 5 40 11 34 31
BASIC5000_0884 19 79 12 15 48 78 44 43 21 18 40 39 38 13 74 79 20 38 77 5 34 36 64 17 34 13 69 15 44 38 19 75 23 78 23 69 79 48 28 79 8 44 11 28 3 31 72 77 66 76 71 18 73 19 79 24 35 41 25 14 40 5
BASIC5000_0885 22 5 72 67 79 38 39 17 41 54 78 19 79 12 3 34 31 72 5 60 32 41 54 78 19 79 38 39 17 77 36 79 23 67 35 21 74 36 5 40 5 11 31 76 23 13 67 79 36 79 23 67 35 5 31 32 13 60 25 70 79 10 43 12 5 23 60 25
BASIC5000_0886 26 79 31 5 46 11 72 10 79 13 79 11 71 17 78 11 35 70 29 79 32 12 24 34 21 5 17 78 11 70 76 5 32 75
BASIC5000_0887 44 39 44 23 67 24 67 35 76 11 74 44 45 5 8 78 44 11 5 51 15 41 76 66 15 32 34 31 12 23 67 24 67 35 44 17 34 11 11 74 44 19 8 76 37 40 15 40 34 36 23 60 34 31
BASIC5000_0888 44 44 23 72 44 19 38 46 12 11 74 44 15 33 77 35 5 36 37 36 13 31
BASIC5000_0889 6 37 39 17 79 76 39 19 41 64 61 35 11 71 40 11 34 31
BASIC5000_0890 59 33 38 64 19 76 5 42 20 66 41 45 5 34 36 5 73 17 39 3 38 44 5 42 76 41 76 37 3 29 78 37 5 73
BASIC5000_0891 59 34 53 19 79 78 41 38 11 23 46 31 79 77 11 17 36 15 32 21 5
BASIC5000_0892 59 41 79 36 79 73 12 48 73 12 8 34 36 10 64 76 26 61 38 74 73 23 16 21 32
BASIC5000_0893 25 79 24 11 78 44 6 33 41 60 31 45 12 5 31 15 40 34 36 13 31
BASIC5000_0894 19 79 13 67 79 40 23 40 64 44 77 11 6 19 38 76 17 34 13 69 15 76 29 78 41 40 71 40 5
BASIC5000_0895 3 21 34 36 44 3 59 5 78 38 77 38 72 31 5 44 37 25 12
BASIC5000_0896 59 79 73 76 63 77 36 37 10 79 5 40 12 71 31 34 36 5 31
BASIC5000_0897 23 23 65 76 48 29 11 41 75 78 39 78 8 23 67 34 47 35 23 31
BASIC5000_0898 59 73 44 8 79 12 76 31 5 36 79 60 33 44 61 25 58 71 23 79 38 19 75 41 3 73 51 73 49 31 8 79 12 11 78 37 24 69 79 8 79 21 74 73
BASIC5000_0899 44 30 61 20 79 76 41 34 59 78 44 25 55 36 44 74 34 23 65 44 40 11 37 5 33 46 78 45 66 5
BASIC5000_0900 72 25 12 45 18 23 79 11 28 41 21 11 71 34 36 25 25 78 37 5 31
BASIC5000_0901 11 78 23 67 79 76 73 33 3 79 44 77 10 79 8 78 25 73 11 64 23 74 40 5 12 33 65 78 50 10 78 41 11 35 14 24 67 35 12 3 73
BASIC5000_0902 12 5 17 78 11 71 45 78 32 78 25 73 38 11 44 24 69 76 38 36 64 11 43 64 33 44 70 79 32
BASIC5000_0903 10 6 76 21 76 11 43 12 43 31 5 29 79 6 17 31 60 76 34 36 5 60 25
BASIC5000_0904 13 34 53 6 72 46 37 11 76 40 17 74 46 40 72 60 27 78
BASIC5000_0905 25 5 29 15 12 60 33 12 34 36 5 40 17 74 46 11 74 76 70 78 24 67 34 21 5 32
BASIC5000_0906 13 61 31 33 76 39 79 66 34 36 10 31 12 5 77 23 72 3 34 31 44 37 25 11
BASIC5000_0907 23 67 79 60 35 12 32 5 40 23 41 40 72 21 8 23 40 17 74 46 5 79 37 25 70
BASIC5000_0908 3 40 77 31 15 21 78 64 34 36 5 36 23 11 64 8 13 31 5 77 31 64 35 44 41 36 13 23 36 5 73 44 76 40 78 32
BASIC5000_0909 62 23 78 75 78 24 65 12 23 13 69 79 44 27 35 63 79 77 3 22 17 34 31
BASIC5000_0910 31 35 10 76 19 79 15 79 13 44 33 65 15 72 15 29 79 33 77 61 73 44 12 25 13 37 25
BASIC5000_0911 55 79 19 15 44 68 31 11 21 76 45 34 36 78 38 24 69 79 19 15 44 60 26 23 21 38 48 11 15 31 5 23 69 79 21 74 73
BASIC5000_0912 70 78 5 33 45 33 20 79 23 35 41 5 15 38 33 67 79 11 74 76 35 14 44 70 79 41 10 64 5 45 24 63 60 23 31
BASIC5000_0913 19 60 34 31 38 13 44 70 79 5 41 25 19 23 76 38 34 36 10 15 48 35 70 79 12 3 73
BASIC5000_0914 19 34 36 72 3 5 35 44 3 52 71 77 23 58 34 36 66 34 31
BASIC5000_0915 19 33 71 44 36 12 61 77 6 17 38 34 31 38 68 79 35 79 33 12 13 31
BASIC5000_0916 3 18 64 44 76 76 31 23 44 31 5 23 35 41 51 35 79 3 76 40 5 78 32
BASIC5000_0917 19 26 11 5 77 3 60 72 62 32 26 11 5 23 40 5 70 79 41
BASIC5000_0918 19 35 19 35 66 74 46 24 67 17 78 41 6 11 73 32 75 79
BASIC5000_0919 19 40 5 32 11 63 71 77 40 15 23 36 23 60 34 31
BASIC5000_0920 27 63 78 38 12 11 76 5 36 15 73 60 12 38 63 71 74 73 70 79 41 40 73 44 41 23 46 71 15 11 11 73
BASIC5000_0921 19 38 76 76 31 23 31 33 12 70 29 79 23 36 5 31 70 72 64 24 67 78 33 69 79 41 25 25 78 37 5 73
BASIC5000_0922 19 44 24 23 69 76 32 5 21 78 11 78 12 5 60 11 17 36 5 60 25 12 48 65 15 39 73 37 23 31
BASIC5000_0923 19 19 11 71 37 4 26 41 79 71 78 39 5 13 44 46 25 41 44 74 73 38 10 64 5 60 25
BASIC5000_0924 19 26 8 21 78 76 6 60 74 36 5 71 5 28 35 58 79 41 15 34 25 73 19 38 76 40 11 34 31
BASIC5000_0925 44 16 33 48 37 70 45 11 27 76 27 78 13 67 79 48 65 15 41 24 67 79 45 33 43 78 41 3 51 72 11 37 40 15 40 34 31
BASIC5000_0926 61 76 31 25 11 14 72 61 39 72 44 44 45 71 12 48 75 12 34 36 5 31
BASIC5000_0927 39 79 13 41 35 5 36 76 60 34 31 15 19 79 21 35 21 74 36 5 40 5
BASIC5000_0928 19 79 68 79 23 67 73 5 44 24 17 78 76 18 78 23 69 79 23 35 35 3 73
BASIC5000_0929 19 5 35 12 29 78 40 31 60 24 65 40 5 19 38 40 78 36 38 79 44 62 11 23 41 76 11 34 36 5 31 11 71 21
BASIC5000_0930 39 41 33 18 35 44 20 28 78 24 67 79 24 45 78 11 71 20 20 70 24 60 37 11 5 11 78
BASIC5000_0931 70 63 41 66 71 40 15 36 76 40 71 40 5 62 25 63 12 21 78 41 78 5 73
BASIC5000_0932 45 40 77 64 34 36 5 73 3 44 24 69 27 79 76 32 74 37 25 11
BASIC5000_0933 45 66 46 78 76 31 23 31 33 76 29 44 64 78 32 5 41 57 78 13 37 38 72 15 60 22 73 77 8 40 15 40 73 32 75 6
BASIC5000_0934 64 63 78 44 61 34 38 77 35 17 74 46 3 11 33 65 78 76 24 52 78 44 11 10 77 48 34 11 11 40 15 40 73
BASIC5000_0935 19 15 64 35 27 79 21 78 44 10 33 19 61 41 70 34 36 33 67 79 20 15 76 13 67 79 29 15 41 41 34 59 78 77 6 76 60 76 73 27 11 5 68 79 25 79 44 19 15 64 35 68 41 67 79 19 15 38 40 73 19 38 12 70 29 79 21 74 73
BASIC5000_0936 5 34 11 5 44 12 15 27 79 41 25 14 40 5 44 37 76 31 23 76 17 34 19 78 25 73 70 68 79 12 40 5
BASIC5000_0937 48 69 79 63 78 41 3 71 76 74 36 5 73 44 76 48 69 79 22 78 44 27 78 31 78 41 25 14 40 5
BASIC5000_0938 10 15 21 78 12 19 74 40 11 34 31 40 78 36 23 20 15 22 78 43 78 37 25
BASIC5000_0939 72 69 79 23 65 44 3 5 32 41 76 3 34 31 38 23 36 64 29 79 5 76 20 15 76 26 11 37 3 73
BASIC5000_0940 60 5 23 67 79 39 70 79 49 44 57 79 11 20 41 76 31 23 31 33 76 36 41 25 77 23 31
BASIC5000_0941 62 19 79 41 5 73 23 69 79 24 69 77 3 40 31 76 61 31 19 38 12 3 72 60 25 11
BASIC5000_0942 5 34 19 15 64 45 66 15 19 19 77 37 40 17 74 46 40 71 40 5
BASIC5000_0943 24 69 79 15 79 77 24 7 34 38 13 12 13 79 78 38 68 79 10 38 77 31 36 36 38 78 37 5 34 31
BASIC5000_0944 13 36 15 74 31 48 38 41 19 44 47 78 51 74 34 38 77 15 46 73 44 77 36 35 32 34 36 15 32 21 5
BASIC5000_0945 62 11 5 44 47 78 66 8 5 34 36 47 78 77 11 34 36 13 36
BASIC5000_0946 19 79 11 40 64 44 64 3 74 46 31 5 54 78 66 25 5 64 44 64 3 73
BASIC5000_0947 68 79 44 79 40 10 79 15 71 32 5 24 78 44 29 79 5 41 40 73 23 69 33 76 5 13 26 60 34 31 15 41 44 22 5 27 79 11 71 3 11 24 77 40 15 25 44 41 66 15 32 34 31
BASIC5000_0948 13 40 21 5 38 5 76 40 5 11 14 72 19 40 5 70 79 41
BASIC5000_0949 5 33 74 35 41 31 33 40 71 78 32 5 8 12 3 31 71 23 79 3 47 79 38 41 27 13 77 68 26 73 31 63 41 38 72 19 76 21 74 35 35 3 73
BASIC5000_0950 15 32 64 44 77 20 24 68 79 41 38 34 36 10 31 55 15 32 21 5
BASIC5000_0951 33 34 53 12 16 71 25 44 48 38 35 44 40 11 44 24 67 34 27 78 38 37 3 74 46 6 7 5 38 74 25 76 35 14 44 13 65 15 41 29 40 8 36 5 29 5 37 36 79 52 73 77 11 31 26 17 70 79 38 23 36 16 71 25 77 64 33 3 18 61 26 12 19 58 74 32 23 19 38 76 10 23 60 5 38 68 79 19 38 41 40 75 79
BASIC5000_0952 37 5 72 16 33 76 3 17 31 60 60 41 40 34 36 5 31
BASIC5000_0953 13 31 5 48 38 76 32 74 37 64 35 74 36 13 36 70 75 23 79
BASIC5000_0954 35 63 77 11 62 15 27 77 38 63 40 17 74 46 5 17 40 5
BASIC5000_0955 51 79 17 79 41 13 77 38 71 74 36 6 78 36 78 23 65 76 39 79 75 11 71 63 77 29 71 23 31
BASIC5000_0956 18 78 32 78 11 5 37 76 29 44 64 78 32 5 41 35 5 36 19 63 78 38 37 13 60 27 78
BASIC5000_0957 35 72 27 78 44 5 71 40 5 70 79 41 10 43 12 5 23 60 25
BASIC5000_0958 35 71 5 38 13 11 40 23 79 38 13 76 48 38 44 31 63 41 40 41 11 23 36 61 60 23 69 79
BASIC5000_0959 36 15 38 75 41 15 25 44 23 78 29 51 38 6 7 3 76 75 24 34 15 3 40 71 5 22 77 35 11 6 19 13 65 15 44 41 79 26 41 60 21 23 15 19 31 8 73 64 44 37 25
BASIC5000_0960 40 40 33 15 37 23 78 27 79 48 78 44 37 64 78 25 38 74 79 23 69 78 77 10 19 40 5 27 79 19 79 23 60 23 31
BASIC5000_0961 18 34 53 41 70 34 36 48 38 49 38 76 62 11 23 70 72 31 15 21 78 44 64 44 77 19 79 41 67 79 37 13 73
BASIC5000_0962 38 40 72 13 78 24 69 41 31 5 23 36 61 8 77 45 73 44 76 41 78 24 69 79 37 25 70
BASIC5000_0963 40 60 17 64 44 44 29 44 10 38 19 76 23 46 23 46 23 69 15 62 77 10 19 31 73
BASIC5000_0964 11 31 60 73 60 37 29 44 60 60 41 23 36 10 15 11 74 5 30 79 19 37 48 66 23 36 15 32 21 5
BASIC5000_0965 18 78 13 77 32 27 76 31 23 31 33 76 13 34 38 31 25 11 73
BASIC5000_0966 23 65 15 70 79 20 12 60 34 31 15 40 5 38 68 79 18 78 20 76 10 29 71 15 40 5 37 3 75 79
BASIC5000_0967 27 79 74 79 12 3 73 11 31 44 6 8 41 15 32 34 36 29 44 6 8 41 38 39 60 71 74 73 44 12 61 8 31 40 71 29 44 11 31 19 29 27 79 74 79 41 70 34 36 46 53 36 25 60 77 21 26 17 73 11 31 37 3 73
BASIC5000_0968 5 33 73 5 12 3 5 36 5 31 44 37 32 23 65 77 3 73 11 27 31
BASIC5000_0969 58 79 51 79 6 12 3 71 78 11 14 72 44 64 79 5 77 51 73 34 31
BASIC5000_0970 45 34 50 69 79 76 21 78 24 67 34 53 78 5 40 5 41 27 79 18 78 23 36 15 32 21 5
BASIC5000_0971 62 24 67 78 25 73 57 79 19 15 77 6 17 36 29 44 66 15 5 78 76 24 52 78 44 31 33 46 77 11 78 12 8 40 10 23 31
BASIC5000_0972 20 35 20 79 44 70 5 38 13 41 10 33 65 77 44 61 41 10 70 72 41 40 72 60 27 78 11
BASIC5000_0973 48 60 40 38 13 76 5 35 37 64 3 29 49 41 13 36 15 32 21 5
BASIC5000_0974 72 69 79 23 13 44 3 73 48 38 40 71 29 78 40 51 79 41 13 61 41 45 40 23 11 17 40 5 32 75 79
BASIC5000_0975 29 51 2 79 76 23 65 23 78 28 78 59 79 41 3 34 36 36 79 52 73 44 76 13 41 3 73
BASIC5000_0976 25 8 40 12 15 31 44 23 79 48 49 77 10 15 71 74 60 25 70 79 10 5 44 72 23 60 25
BASIC5000_0977 11 74 48 38 72 32 17 3 60 73 32 11 71 23 78 47 78 21 27 70 79
BASIC5000_0978 10 11 10 12 61 8 73 70 79 41 64 34 38 33 11 15 41 10 5 37 15 32 21 5
BASIC5000_0979 10 43 12 5 32 11 71 32 74 41 64 29 44 19 38 76 5 76 40 5 37
BASIC5000_0980 70 35 46 44 15 75 79 46 79 77 61 35 17 31 19 38 12 3 72 60 25 11
BASIC5000_0981 11 27 78 77 48 79 31 20 77 31 32 23 79 11 31 33 41 23 40 21 5
BASIC5000_0982 75 79 11 77 51 27 16 31 63 41 64 34 38 11 71 32 77 6 20 11 25 55 13 32
BASIC5000_0983 16 78 31 5 37 76 62 32 78 31 5 23 67 35 25 73 19 38 76 68 73 21 74 40 5
BASIC5000_0984 29 41 79 76 27 11 5 24 67 79 32 74 37 64 23 34 36 5 73 40 60 8 32
BASIC5000_0985 10 78 23 65 44 10 11 78 12 8 77 21 13 41 10 34 23 65 34 36 15 32 21 5
BASIC5000_0986 29 74 44 5 39 8 44 38 35 41 67 79 37 78 72 67 79 37 44 5 26 12 45 34 27 79 23 60 25
BASIC5000_0987 24 67 79 10 79 45 33 51 4 79 38 44 54 66 44 63 78 27 13 76 75 15 24 67 79 70 78 54 79 57 79 51 4 79 38 37 3 73
BASIC5000_0988 39 15 23 69 12 13 71 5 38 68 79 76 17 37 76 40 15 24 11 78 12 40 5 44 32
BASIC5000_0989 54 78 23 67 79 23 65 17 78 23 67 34 47 78 23 65 37 3 73 48 38 76 76 31 23 44 5 38 19 37 25
BASIC5000_0990 31 5 27 79 70 79 76 3 63 72 11 77 70 79 75 34 47 11 71 13 72 45 40 23 36 5 73
BASIC5000_0991 8 13 49 69 79 11 78 72 13 69 15 44 57 79 19 15 37 76 72 11 78 72 35 76 24 67 34 47 79 27 78 38 32 34 31
BASIC5000_0992 11 5 64 44 33 67 79 41 11 21 77 38 71 74 36 23 60 34 31 44 70
BASIC5000_0993 33 67 79 20 15 37 76 49 76 17 78 19 79 38 13 72 45 40 23 36 11 78 12 8 71 74 73 19 38 76 40 11 34 31
BASIC5000_0994 25 8 44 62 25 63 41 76 5 35 64 72 78 20 44 21 78 52 78 44 5 33 12 3 31 8 71 74 73
BASIC5000_0995 5 8 77 37 31 38 13 76 31 23 76 11 14 44 19 38 77 10 64 5 32 23 31
BASIC5000_0996 51 21 5 76 11 12 15 77 13 78 32 5 11 12 15 8 38 5 34 56 78 21 27 31
BASIC5000_0997 17 78 24 35 40 15 21 44 43 74 55 73 44 6 78 39 79 77 13 26 13 3 18 73 19 38 41 23 67 79 33 67 79 23 40 17 74 46 40 71 40 5
BASIC5000_0998 33 72 69 79 12 10 76 73 60 37 41 29 79 12 15 39 44 15 71 5 11 11 72 60 25 11
BASIC5000_0999 51 75 41 45 5 34 31 44 37 13 52 78 12 5 34 29 79 70 15 40 34 31
BASIC5000_1000 24 69 79 27 79 76 27 79 51 44 33 11 71 37 76 39 79 41 64 40 71 40 15 40 34 31
BASIC5000_1001 52 78 31 5 12 21 34 11 41 64 35 11 78 17 79 76 23 13 21 5 12 12 11 41 31 5 25 73 44 38 10 40 24 37 3 73
BASIC5000_1002 43 78 47 5 44 51 79 51 76 10 15 72 64 44 70 72 18 78 13 78 77 19 44 62 19 38 12 10 79 5 12 29 74 76 29 79 23 31 10 15 72 64 44 76 48 35 70 79 37 64 40 17 74 46 10 15 46 23 69 64 40 5 11 71 37 3 73
BASIC5000_1003 64 8 73 20 61 38 64 8 40 5 20 61 44 15 55 35 64 70 15 76 11 71 40 5 70 43
BASIC5000_1004 44 79 23 67 24 67 35 44 21 5 33 67 79 76 5 23 65 64 11 78 20 51 64 23 78 33 69 79 41 23 11 64 37 13 73 32 17 24 78 29 15 41 11 78 24 65 77 3 35 11 76 40 17 74 46 40 71 40 5
BASIC5000_1005 13 67 79 11 77 25 20 25 44 41 76 31 23 76 31 15 21 78 44 11 43 12 11 11 72 60 25
BASIC5000_1006 64 78 38 72 10 79 73 37 57 79 39 79 24 78 38 11 5 17 78 23 31 76 74 21 23 76 48 12 23 39 5 35 23 39 79 52 44 19 79 31 5 76 13 67 79 31 5 27 79 44 57 23 67 45 23 39 79 23 65 71 12 74 13 23 44 40 12 74 41 38 72 44 19 21 74 31 31 63 41 10 13 31 38 44 55 60 23 31
BASIC5000_1007 64 79 73 44 40 11 41 48 11 15 36 13 10 79 13 40 23 43 19 78 12 3 73
BASIC5000_1008 48 69 79 24 69 79 11 71 45 78 32 78 25 73 38 11 74 76 13 18 78 12 76 73 5
BASIC5000_1009 74 79 24 69 79 77 11 15 38 76 11 74 64 74 79 14 31 32 23 11 34 31
BASIC5000_1010 11 78 32 21 78 76 40 78 38 45 66 5 71 78 40 79 37 23 69 79
BASIC5000_1011 8 79 20 76 11 78 31 78 37 76 40 5 37 64 29 74 76 10 64 23 75 5
BASIC5000_1012 11 76 72 41 47 79 36 4 79 41 5 34 36 15 74 60 27 78 11
BASIC5000_1013 64 72 79 76 10 79 13 40 10 13 39 17 79 77 64 34 36 5 73
BASIC5000_1014 11 71 32 12 6 78 39 79 77 48 35 70 79 38 25 73 70 79 41 27 79 23 78 64 17 78 19 79 37 3 73 31 63 41 23 18 13 77 48 35 70 79 38 25 73
BASIC5000_1015 64 37 73 76 61 72 69 15 44 3 73 11 71 32 77 23 36 5 40 17 74 46 40 71 40 5
BASIC5000_1016 64 32 78 24 65 26 41 40 41 77 64 38 63 36 13 17 46 70 5 44 11 76 11 73 38 76 31 23 76 29 74 77 3 24 76 8 73 70 79 41 40 34 31
BASIC5000_1017 64 34 35 2 74 71 33 79 26 77 11 17 31 50 22 41 76 60 34 21 13 41 38 49 35 5 36 23 60 5 60 25
BASIC5000_1018 64 44 5 8 46 15 33 49 73 21 62 23 46 11 57 39 5 79 31 12 73
BASIC5000_1019 27 79 43 78 13 68 79 24 69 79 76 40 12 35 26 13 23 40 5 19 38 12 10 79 5 38 5 76 74 73
BASIC5000_1020 64 40 72 22 76 66 21 23 79 12 23 78 50 36 13 40 49 23 69 79 77 6 11 55 36 5 73
BASIC5000_1021 11 5 12 12 68 79 25 73 32 5 5 33 44 19 79 44 79 76 61 73 48 38 44 63 44 20 33 29 79 38 40 73 19 38 37 3 73
BASIC5000_1022 5 38 19 41 76 43 64 44 25 20 5 58 5 78 58 5 78 40 19 12 5 73 78 32 70
BASIC5000_1023 13 69 79 35 79 44 72 12 5 77 64 34 31 72 69 79 38 79 24 23 65 12 17 78 11 20 23 37 5 31 38 13 11 74 12 3 5 32 41 45 5 34 36 5 21 11 5 41 17 72 77 35 17 31
BASIC5000_1024 21 34 19 78 19 24 78 36 13 24 68 79 76 25 15 40 15 40 34 36 5 73
BASIC5000_1025 3 6 11 39 79 11 19 44 58 79 23 77 11 52 34 36 61 36 15 32 21 5
BASIC5000_1026 23 69 15 52 35 76 8 79 70 79 52 35 77 35 15 34 36 5 73 38 13 21 78 29 77 57 79 23 67 35 25 73
BASIC5000_1027 24 23 78 77 64 33 40 21 5 3 40 31 40 71 37 13 60 25 70
BASIC5000_1028 33 67 79 19 23 65 41 23 36 76 19 44 43 32 78 76 66 66 31 11 5
BASIC5000_1029 61 68 13 76 11 63 71 77 64 34 36 5 73 23 11 23 11 44 24 69 76 29 74 12 25 13 37 40 5
BASIC5000_1030 23 78 13 75 15 77 31 36 31 19 38 12 11 74 44 63 79 27 79 77 21 71 41 31 11 63 31
BASIC5000_1031 5 78 70 79 23 31 64 78 32 5 37 76 3 72 60 27 78 12 11 78 17 79 32 5 63 79 23 38 11 78 17 79 51 15 23 44 35 11 5 76 17 77 38 6 64 78 32 5 12 72 79 37 4 78 16 27 15 23 69 78 41 76 3 72 60 25
BASIC5000_1032 23 67 34 23 65 23 31 71 23 20 38 12 31 15 21 78 3 34 36 3 31 51 31 23 31
BASIC5000_1033 45 23 44 35 11 5 11 31 41 76 64 79 25 34 11 72 10 40 74 41 40 34 31 37 23 69 79
BASIC5000_1034 35 60 41 23 75 15 24 33 67 79 52 35 52 35 5 76 74 73 44 41 76 68 79 6 35 41 40 34 36 23 60 6
BASIC5000_1035 54 79 27 79 77 31 64 36 40 5 38 13 61 76 33 79 77 6 23 40 6 19 38 41 40 73 70
BASIC5000_1036 24 46 15 36 75 45 78 76 55 40 24 73 52 34 38 64 38 23 67 23 69 79 41 62 17 36 45 34 59 79 23 31 12 31 60 76 29 74 31
BASIC5000_1037 44 34 15 23 40 5 37 13 67 79 41 54 66 41 45 5 34 36 19 40 5 37 15 74
BASIC5000_1038 15 33 21 13 32 17 37 40 15 64 34 38 24 34 19 79 12 48 35 70 79 32
BASIC5000_1039 8 79 27 79 44 40 11 41 76 46 15 45 35 23 31 64 44 66 23 69 79 38 35 23 31 64 44 64 3 73
BASIC5000_1040 5 38 19 44 17 34 19 78 23 13 44 48 13 37 64 44 41 40 55 77 64 71 34 31
BASIC5000_1041 44 72 64 21 73 19 38 40 12 71 11 5 24 69 79 38 5 34 31 5 11 23 31 70 79 40 11 5 11 78 12 76 25 74 71 74 40 5
BASIC5000_1042 44 73 60 78 24 78 12 8 79 19 15 77 27 79 51 15 23 31 19 38 12 8 79 20 41 10 79 13 40 8 79 13 69 79 77 10 70 58 23 31
BASIC5000_1043 21 11 40 44 57 43 12 35 11 8 36 5 13 12 35 60 72 29 79 32 34 31
BASIC5000_1044 21 11 40 76 38 79 49 37 68 34 15 72 19 78 12 72 66 13 3 18 60 25
BASIC5000_1045 21 11 40 41 61 26 12 48 35 70 79 40 70 79 41 76 74 76 74 41 76 15 79 13 12 48 35 70 79 37 3 73
BASIC5000_1046 21 11 40 38 41 15 76 38 64 41 8 79 70 79 12 3 73 12 19 79 23 65 44 57 79 12 28 78 23 65 70 72 43 32 78 12 31 11 5
BASIC5000_1047 44 79 25 10 15 21 78 76 24 52 78 44 19 39 64 77 31 5 54 78 24 60 78 23 36 5 60 25
BASIC5000_1048 23 45 35 44 46 25 76 20 28 78 75 15 24 41 37 73 38 6 78 36 78 23 67 76 5 34 31
BASIC5000_1049 44 78 25 38 34 53 37 11 5 13 69 79 77 10 79 51 15 23 31 24 69 27 79 38 23 36 76 11 44 24 69 12 24 67 79 20 43 78 52 72 44 48 38 38 40 34 31
BASIC5000_1050 32 5 24 40 44 76 35 11 8 73 24 11 78 77 5 11 41 68 79 19 79 41 35 11 6 11 37 3 73
BASIC5000_1051 23 69 30 15 23 36 5 31 29 23 13 41 31 5 25 73 33 69 79 24 11 78 41 76 31 73 33 67 79 13 78 52 72 41 64 11 11 76 71 26 11 74 12 62 15 76 74 31 44 76 76 26 11 40 13 78 12 15 41 25 14 40 11 34 31
BASIC5000_1052 13 69 79 15 58 15 23 76 57 79 76 44 38 13 23 46 23 46 27 79 23 69 41 18 78 13 67 79 25 73
BASIC5000_1053 24 65 60 77 23 36 25 60 40 5 33 69 34 38 45 40 23 12 3 73 44 32
BASIC5000_1054 10 38 40 44 23 45 5 41 31 5 23 11 74 71 76 19 44 70 79 40 23 69 79 13 69 15 36 13 40 45 78 19 79 44 23 11 31 77 25 73 44 37 3 73
BASIC5000_1055 23 69 23 78 23 65 12 6 4 78 39 21 79 51 4 78 77 25 73 44 76 62 26 11 23 79
BASIC5000_1056 6 61 55 77 39 71 5 52 25 73 19 38 76 25 46 71 23 79
BASIC5000_1057 74 78 33 67 79 76 5 35 11 71 36 41 25 77 23 36 5 73 78 37 25 11
BASIC5000_1058 38 79 23 14 78 19 79 11 31 33 76 58 79 71 15 37 38 57 79 41 15 74 36 5 60 25
BASIC5000_1059 40 41 77 23 36 70 5 11 76 11 71 40 11 34 31 44 37 11 74 41 24 69 18 78 77 64 38 63 31
BASIC5000_1060 38 15 55 35 44 74 79 41 35 5 36 17 78 13 67 79 77 23 36 61 70 79
BASIC5000_1061 11 76 11 61 41 5 15 41 23 31 12 34 36 40 12 74 76 3 21 15 40 73
BASIC5000_1062 60 5 34 31 70 11 74 76 76 31 23 77 32 60 23 36 5 31 78 32
BASIC5000_1063 40 41 64 64 34 36 5 40 5 44 32 11 71 40 41 64 6 23 40 6 45 26 12 40 5
BASIC5000_1064 70 78 23 35 11 71 40 73 3 47 79 38 77 11 44 24 69 76 11 72 31
BASIC5000_1065 40 78 71 11 44 14 24 67 35 36 13 64 78 32 5 41 70 72 70 19 15 21 74 31 46 78 16 61 44 11 76 72 41 8 79 12 12 57 79 8 79 21 74 31
BASIC5000_1066 40 41 70 72 64 60 26 32 5 5 33 41 6 29 77 35 15 40
BASIC5000_1067 31 49 49 38 76 31 33 39 60 34 36 76 31 23 41 61 33 77 13 79 31
BASIC5000_1068 57 78 44 25 79 41 78 44 27 79 38 32 17 12 29 44 64 78 32 5 77 72 11 5 23 31
BASIC5000_1069 31 78 17 78 32 17 37 52 29 79 23 36 11 74 76 19 79 18 13 23 31 20 41 78 77 61 40 10 5 45 71 34 31
BASIC5000_1070 57 63 73 19 38 12 12 15 23 67 79 23 65 41 66 73 13 77 10 19 21 27 73
BASIC5000_1071 57 71 13 69 79 76 6 61 44 21 33 32 34 31 11 71 3 23 31 76 66 60 44 21 33 38 11 21 38 72 41 5 19 79 70
BASIC5000_1072 54 78 11 44 40 5 60 5 41 33 44 27 79 11 35 41 3 13 36 5 31
BASIC5000_1073 64 79 66 70 5 44 40 49 12 76 11 72 41 15 5 11 71 10 40 24 38 19 16 73 16 73 60 76 34 31 24 65 40 5
BASIC5000_1074 5 34 50 13 44 13 72 14 72 25 38 10 79 15 44 3 72 12 44 45 71 41 25 78 37 5 31
BASIC5000_1075 20 33 29 79 12 37 73 11 71 10 40 11 77 25 11 27 36 10 13 40 21 5
BASIC5000_1076 23 67 34 27 13 23 65 76 5 34 27 79 41 31 33 3 12 34 36 54 66 77 37 36 5 34 31
BASIC5000_1077 11 76 5 36 58 29 58 29 41 40 34 31 47 78 77 11 61 40 12 71 44 66 60 44 31 49 37 32 5 24 65 41 3 34 31
BASIC5000_1078 61 11 17 44 10 29 75 23 79 15 64 76 48 38 77 19 79 18 13 25 73 19 38 76 40 5
BASIC5000_1079 21 78 43 78 11 78 58 79 72 69 15 77 6 17 31 3 38 11 44 24 69 76 11 74 77 25 36 31
BASIC5000_1080 39 79 23 41 76 64 15 36 13 77 38 71 40 5 24 39 79 23 38 64 15 36 13 20 77 38 73 31 39 79 23 12 3 72 60 25
BASIC5000_1081 20 77 6 35 19 38 12 76 31 23 44 68 5 79 35 44 31 44 23 61 32
BASIC5000_1082 36 78 64 78 12 15 76 17 34 23 36 3 31 71 23 79 11 12 15 37 76 40 5
BASIC5000_1083 60 35 44 44 11 63 79 77 17 12 25 19 38 12 40 5 70 79 41 10 43 12 5 23 60 25 70
BASIC5000_1084 13 44 79 44 23 17 78 44 64 78 32 5 76 10 64 34 31 70 72 26 34 38 66 21 23 11 34 31
BASIC5000_1085 57 78 41 78 76 68 5 12 39 15 29 78 77 13 63 19 78 37 5 73 70 79 32 17 39 64 60 76 72 11 71 61 74 46 31 78 40 73 76 12 60 60 32 70 43
BASIC5000_1086 75 79 46 76 57 34 38 5 13 77 35 5 36 41 34 19 72 76 71 34 31
BASIC5000_1087 72 27 34 23 69 78 76 5 34 47 78 36 13 17 79 19 79 38 23 36 76 17 79 22 5 11 35 39 79 12 30 79 32 5 23 36 5 73 38 13 41 5 33 24 36 13 41 10 33 19 62 64 44 37 3 73
BASIC5000_1088 72 26 62 76 17 79 11 5 37 36 78 59 76 45 66 15 29 44 13 69 15 76 76 11 64 44 41 19 44 60 74 36 5 73
BASIC5000_1089 72 25 38 44 37 79 31 76 24 39 79 23 67 79 17 79 13 44 79 77 35 11 34 36 11 78 31 78 41 23 67 79 17 79 25 73 19 38 12 37 13 60 25
BASIC5000_1090 70 23 13 76 10 11 43 41 19 60 34 36 20 75 79 41 41 60 78 8 78 11 23 36 15 74 38 31 44 78 32
BASIC5000_1091 33 67 79 64 78 23 69 41 21 5 26 5 75 25 31 5 73 77 13 41 67 79 23 36 15 32 21 5
BASIC5000_1092 72 21 76 8 79 20 32 17 37 40 15 51 71 78 25 20 64 45 40 23 60 25
BASIC5000_1093 76 78 12 78 23 69 19 15 76 35 43 41 27 78 29 79 44 13 69 79 5 41 21 71 21 74 36 5 73
BASIC5000_1094 72 10 44 11 79 41 46 73 76 41 12 35 41 11 5 21 5 21 74 73
BASIC5000_1095 28 79 13 78 11 71 8 71 74 73 13 78 12 15 41 70 34 36 27 79 51 12 23 65 11 5 51 15 23 41 23 23 67 35 25 73 13 78 12 15 77 21 68 79 25 73
BASIC5000_1096 75 79 51 24 78 76 39 79 75 77 10 79 32 78 25 73 44 77 36 35 32 34 31 19 38 41 31 5 23 36 76 31 23 41 11 78 23 65 23 31
BASIC5000_1097 23 69 79 19 76 76 74 76 74 41 11 74 44 62 24 35 77 40 34 38 15 21 27 31
BASIC5000_1098 51 9 5 8 73 46 34 45 44 21 15 48 78 76 48 78 47 78 41 18 78 13 67 79 21 74 36 5 73
BASIC5000_1099 5 60 45 40 23 3 34 36 5 73 64 78 32 5 32 17 41 45 35 18 78 77 18 78 36 79 23 36 15 32 21 5
BASIC5000_1100 51 4 72 34 53 25 23 76 68 79 24 78 66 72 78 24 78 38 5 34 23 69 41 40 34 36 23 67 15 8 78 77 17 79 11 15 23 36 5 73
BASIC5000_1101 72 15 75 77 45 19 52 44 76 31 5 54 78 37 25 12 11 5 75 37 45 19 52 44 76 11 78 31 78 37 25
BASIC5000_1102 51 2 79 25 38 43 79 62 37 10 70 49 25 73 19 38 77 10 68 73 23 15 32 21 5
BASIC5000_1103 33 72 77 17 78 13 67 79 25 73 41 76 33 26 77 5 35 64 72 70 79 23 40 17 74 46 40 71 40 5
BASIC5000_1104 51 7 3 41 66 75 79 38 76 64 79 23 60 27 78 17 39 62 23 72 69 40 19 79 39 79 76 10 66 63 5 31 32 13 31 5 37 25 76
BASIC5000_1105 62 75 78 19 44 72 69 79 13 69 15 31 78 44 3 5 32 41 10 79 15 44 46 72 8 79 23 69 78 12 3 73
BASIC5000_1106 21 34 59 75 41 25 78 37 5 73 3 41 41 36 12 61 77 10 15 73 35 64 72 32
BASIC5000_1107 10 39 75 15 55 13 19 38 41 29 44 75 79 24 78 76 17 78 19 79 77 11 5 51 15 23 31
BASIC5000_1108 10 39 75 13 44 3 60 72 76 31 23 76 15 33 12 13 17 40 11 34 31
BASIC5000_1109 54 78 26 35 79 12 10 19 34 31 38 13 41 31 5 23 69 25 73 32 17 37 76 40 15 51 32 78 44 27 79 11 35 44 40 11 37 54 78 26 35 79 77 40 73 55 15 51 27 79 37 5 15 19 38 64 32 5 24 40 19 38 37 25
BASIC5000_1110 10 39 75 5 31 19 38 41 11 74 76 6 31 12 6 60 11 34 31
BASIC5000_1111 61 35 17 31 48 38 12 64 71 6 48 38 40 15 23 31 48 38 76 40 13 77 61 73
BASIC5000_1112 63 6 8 44 48 38 41 76 74 79 14 31 32 23 15 23 40 17 74 46 40 71 40 5
BASIC5000_1113 64 34 11 44 38 19 75 19 74 37 60 41 3 6 37 23 69 79
BASIC5000_1114 5 34 31 5 40 41 12 19 78 46 78 10 64 36 37 3 78 40 48 39 5 10 38 77 31 36 36 5 73 44 11 17 78 38 79 64 35 13 60 27 78
BASIC5000_1115 24 67 79 21 78 21 5 11 71 24 67 79 13 67 79 21 5 44 23 69 79 43 78 23 69 79 24 69 41 70 15 3 73 19 38 32 12 11 44 24 69 76 6 42 58 74 36 5 73
BASIC5000_1116 24 67 79 41 21 5 11 71 24 67 79 45 34 21 5 41 76 31 73 31 15 21 78 44 23 69 79 43 78 23 69 79 24 69 31 33 12 29 44 19 78 36 25 38 41 10 79 58 23 31
BASIC5000_1117 24 67 79 5 33 24 24 67 79 20 51 78 60 8 77 25 19 23 25 14 36 5 60 25
BASIC5000_1118 24 67 79 12 35 41 29 79 11 5 77 11 5 21 5 25 55 13 32 38 68 79 36 79 3 78 12 3 34 31
BASIC5000_1119 24 67 79 40 40 27 79 13 41 19 15 21 5 17 79 22 5 75 78 44 45 34 36 78 12 75 79 39 79 72 69 15 44 32 5 5 39 79 77 61 33 49 79 31 38 45 78 27 78 12 44 55 36 5 73 12 19 74 76 3 66 60 72 37 3 73
BASIC5000_1120 27 78 75 34 50 65 15 21 78 43 78 24 7 79 62 26 5 34 27 79 12 27 79 17 78 44 22 41 35 5 31 38 13 51 34 38 58 79 73 76 51 31 31 49 13 69 11 21 74 31 44 37 25
BASIC5000_1121 24 67 79 20 23 67 73 5 5 24 69 79 44 47 5 77 20 70 79 5 23 36 5 60 25
BASIC5000_1122 21 78 11 34 17 79 44 25 55 36 44 11 15 44 76 76 48 65 15 45 33 24 67 79 39 41 48 38 23 79
BASIC5000_1123 27 78 13 67 79 48 65 15 20 24 67 79 45 33 43 78 29 44 13 43 78 48 76 48 75 23 60 54 79 76 19 79 8 78 41 31 36 71 74 31
BASIC5000_1124 27 78 45 34 50 65 15 20 24 67 79 21 78 43 78 56 72 79 76 41 34 59 78 41 3 63 72 11 8 44 64 78 39 77 48 71 15 70 79 41 70 79 13 67 79 23 31
BASIC5000_1125 62 25 63 76 35 60 12 13 36 5 31 39 74 25 12 13 71 74 73 70 79 41 40 34 31
BASIC5000_1126 62 25 63 44 45 40 71 49 77 13 69 79 27 79 23 36 5 31 32 13 31 5 44 37 25
BASIC5000_1127 17 62 72 76 11 74 44 23 78 30 79 41 70 15 40 5 11 64 23 74 40 5
BASIC5000_1128 75 24 69 79 41 35 64 34 31 68 13 76 19 79 35 79 44 24 65 60 41 40 34 36 5 31
BASIC5000_1129 5 33 41 43 78 37 60 25 31 79 25 73 44 76 62 26 11 23 79
BASIC5000_1130 45 66 11 75 79 12 68 34 15 72 37 3 75 79 12 33 67 79 5 23 36 6 78 36 78 23 40 21 5
BASIC5000_1131 45 66 15 45 23 72 40 21 5 29 79 25 74 46 74 34 23 65 41 60 41 3 6 70
BASIC5000_1132 23 67 34 23 69 23 78 31 5 44 5 21 14 70 21 77 76 13 60 8 36 5 73 38 11 74 76 5 34 36 5 73 17 74 39 5 22 38 40 34 31 71 39 79 32 11 43
BASIC5000_1133 45 66 5 29 15 39 37 70 15 72 11 5 23 36 57 78 77 70 62 19 38 12 37 13 74 46 31 52 78 70 78 32 19 38 77 31 15 21 78 13 10 15 25 73 19 38 12 70 79 5 41 37 13 73 37 23 69 79
BASIC5000_1134 62 25 63 12 38 13 39 13 76 31 23 44 61 60 5 41 13 36 15 74 31
BASIC5000_1135 60 39 14 76 11 35 79 75 12 76 39 33 71 41 40 21 5 60 25 11
BASIC5000_1136 61 41 15 5 3 48 73 44 19 76 68 79 12 40 45 15 33 69 79 38 40 34 31
BASIC5000_1137 29 19 60 37 76 38 36 64 13 69 72 12 3 73 70 79 41 10 64 8 73
BASIC5000_1138 61 40 15 33 65 5 17 40 5 39 79 52 35 12 31 15 21 78 5 73 70
BASIC5000_1139 62 25 63 31 33 44 10 23 65 55 72 76 5 35 60 37 64 35 26 5 31
BASIC5000_1140 24 27 79 37 13 73 70 79 41 40 71 43 46 40 71 40 5
BASIC5000_1141 48 75 51 61 76 36 78 24 69 79 41 16 71 25 51 2 5 46 79 44 32 78 43 35 22 5 77 5 74 31
BASIC5000_1142 32 5 45 35 63 79 41 11 78 23 36 76 16 79 28 78 76 57 78 44 33 79 21 40 66 15 76 72 23 11 23 40 11 34 31
BASIC5000_1143 5 23 29 35 79 12 6 60 15 5 11 40 5 38 19 75 37 76 11 35 39 79 64 6 60 15 5 11 40 5
BASIC5000_1144 60 17 29 79 41 40 73 44 12 76 11 34 31 38 13 11 74 71 76 19 79 21 78 23 31
BASIC5000_1145 24 52 78 44 23 20 38 76 3 60 72 25 13 37 76 40 11 34 31 12 3 31 71 23 15 11 34 31 5 8 37 10 11 43 77 11 72 36 5 31
BASIC5000_1146 48 44 6 33 39 19 75 12 40 5 17 79 11 15 76 13 67 79 15 35 32 40 79
BASIC5000_1147 48 73 60 76 31 5 70 79 12 70 73 76 35 13 12 48 11 72 77 3 31 8 36 15 74 73
BASIC5000_1148 74 79 33 69 79 73 5 44 17 26 15 75 5 76 23 67 79 32 78 44 17 35 20 79 77 35 70 63 73
BASIC5000_1149 21 32 19 76 41 23 41 23 26 78 37 68 15 31 5 70 79 77 61 36 63 15 71 41 40 34 31
BASIC5000_1150 3 29 78 37 5 73 19 39 64 31 33 44 19 8 12 11 28 41 44 34 36 13 19 8 36 13 31
BASIC5000_1151 23 35 74 79 37 25 12 29 74 76 76 31 23 44 71 17 34 38 37 25
BASIC5000_1152 36 45 24 63 76 21 78 32 5 23 67 79 13 69 79 44 27 79 33 8 73 21 74 62 77 10 38 26 74 73 19 38 32 34 31
BASIC5000_1153 54 79 23 31 33 76 17 34 23 36 19 79 51 15 23 40 5 70 79 41 5 76 74 31
BASIC5000_1154 17 79 74 13 44 76 11 71 40 5 41 78 18 78 77 23 78 70 79 23 36 76 5 17 40 5
BASIC5000_1155 5 8 24 67 79 12 33 11 71 77 3 76 27 36 62 14 44 11 72 5 74 77 23 60 23 31
BASIC5000_1156 40 78 49 13 11 44 21 73 12 13 41 44 58 34 36 5 73 44 77 61 31
BASIC5000_1157 27 13 31 78 76 32 5 52 52 78 12 31 78 29 11 71 40 34 36 5 73
BASIC5000_1158 63 78 61 35 41 68 79 38 11 74 44 11 5 17 78 76 76 31 23 44 38 76 5 15 71 11 19 38 40 73
BASIC5000_1159 15 64 12 32 78 32 78 15 75 15 40 34 36 3 63 12 51 72 29 79 37 25
BASIC5000_1160 23 70 79 11 11 15 76 54 78 19 79 25 73 19 38 12 3 72 60 25
BASIC5000_1161 68 13 60 21 34 36 25 20 15 11 76 5 79 78 24 65 40 5
BASIC5000_1162 24 67 79 32 5 44 19 39 64 31 33 76 10 66 11 71 39 15 72 35 23 31 5 38 10 64 34 36 5 73
BASIC5000_1163 23 6 78 36 78 37 76 23 65 72 69 79 76 61 78 40 6 60 15 6 20 5 31
BASIC5000_1164 76 15 12 37 13 3 12 73 38 15 64 76 33 69 79 39 24 36 78 23 65 44 23 65 72 78 44 66 44 70 79 41 29 74 41 13 42 44 5 38 77 11 17 73
BASIC5000_1165 40 78 49 65 15 41 78 64 44 23 69 79 43 78 31 33 12 16 71 78 39 37 3 29 78 37 5 73
BASIC5000_1166 76 31 23 19 24 78 44 5 17 78 38 23 36 76 29 44 17 79 11 15 41 45 78 31 5 32
BASIC5000_1167 10 40 60 8 38 24 67 79 23 69 77 10 13 13 23 36 64 70 75 23 79 37 23 69 79 11
BASIC5000_1168 5 79 78 11 5 76 29 44 17 79 11 15 77 63 16 34 36 5 17 78 12 76 11 74 31
BASIC5000_1169 23 69 79 23 11 11 71 44 32 34 13 65 15 41 76 48 19 78 60 22 79 44 30 79 32 5 12 48 34 25 40 44 41 41 34 59 78 44 27 75 78 76 40 28 11 19 44 14 75 78 77 21 17 36 5 73
BASIC5000_1170 17 78 23 19 12 28 35 63 35 23 31 44 76 48 69 79 12 24 32 5 37 3 34 31
BASIC5000_1171 58 15 70 79 17 78 12 48 35 24 44 62 74 77 58 15 24 69 79 8 35 74 36 5 15
BASIC5000_1172 23 19 79 12 26 5 52 78 35 5 36 5 73 38 10 64 5 60 25 12
BASIC5000_1173 33 15 10 78 13 76 8 24 29 78 44 26 44 79 11 71 6 60 74 31
BASIC5000_1174 64 15 36 13 76 70 5 38 23 36 64 39 44 70 79 41 29 44 17 79 11 15 77 24 34 19 79 25 73 44 11
BASIC5000_1175 45 78 24 11 78 23 31 71 11 74 76 19 19 41 15 73 37 23 69 79
BASIC5000_1176 28 79 76 33 69 15 27 35 28 79 38 11 78 27 35 28 79 11 71 40 34 36 5 73
BASIC5000_1177 13 51 24 78 76 5 29 5 37 49 69 79 5 78 8 5 13 29 44 60 60 23 78 21 35 23 35 8 38 35 74 36 5 11 74 31
BASIC5000_1178 70 23 10 76 76 31 23 12 29 44 45 19 77 64 33 3 18 73 44 77 36 35 32 34 36 15 74 31
BASIC5000_1179 70 23 10 76 76 31 23 12 29 44 45 19 77 64 33 3 18 73 44 77 36 35 32 34 36 15 74 31
BASIC5000_1180 19 12 3 78 31 44 45 78 27 79 37 5 34 31 5 40 41 12 3 34 31 44
BASIC5000_1181 21 5 46 78 11 78 76 29 44 23 67 79 24 78 44 5 33 43 78 44 17 79 13 77 23 65 63 78 23 31
BASIC5000_1182 33 69 13 78 46 19 41 76 10 11 43 76 60 34 31 15 44 19 34 36 5 40 11 34 31
BASIC5000_1183 48 12 5 23 65 44 23 41 70 34 36 32 74 12 38 15 77 25 73 44 32 75 79
BASIC5000_1184 40 12 5 63 37 61 74 46 33 12 34 36 15 73 38 10 64 5 60 25
BASIC5000_1185 11 78 28 78 40 23 67 79 13 69 79 44 24 68 79 12 46 78 41 78 41 57 23 69 79 21 74 36 5 73
BASIC5000_1186 19 79 29 15 40 44 37 27 79 38 31 33 76 12 15 27 79 51 15 77 13 40 15 36 76 40 71 40 5
BASIC5000_1187 70 15 3 21 68 13 32 73 60 76 3 38 11 31 64 40 15 13 8 6 27 36 5 31
BASIC5000_1188 40 12 15 74 78 23 67 79 23 31 10 11 18 37 11 74 76 38 36 64 24 67 15 31 35 23 31
BASIC5000_1189 62 71 41 76 41 24 67 79 41 78 23 11 44 19 34 36 5 40 11 34 31
BASIC5000_1190 11 33 11 78 44 33 12 6 48 38 38 6 60 15 66 34 36 5 15 44 76 62 26 11 23 79
BASIC5000_1191 62 71 44 48 38 31 33 12 23 28 78 11 78 13 69 79 41 11 78 23 36 45 40 23 31 14 75 78 76 45 15 43 35 23 31
BASIC5000_1192 5 34 21 78 11 31 78 29 38 76 31 78 29 11 20 79 52 35 44 51 11 78 28 78 43 78 23 69 79 37 45 34 27 79 25 73 68 79 12 5 52 34 23 35 37 25
BASIC5000_1193 11 5 12 5 41 5 34 31 38 13 76 33 34 53 12 48 35 70 79 40 19 38 77 10 58 8 36 5 31 57 79 12 5 79 37 25 70
BASIC5000_1194 36 78 71 78 21 74 31 8 44 11 40 72 10 79 15 12 11 5 11 5 23 69 41 33 41 6 74 31
BASIC5000_1195 23 67 31 5 13 65 15 31 5 21 8 66 15 27 74 46 3 38 76 29 19 60 37 62 26 11 23 15 40 5 37 25
BASIC5000_1196 38 64 11 15 66 15 29 15 77 66 52 73 44 76 70 15 3 72 60 27 78
BASIC5000_1197 38 75 49 37 24 11 78 77 11 17 36 60 63 77 31 5 36 15 32 21 5
BASIC5000_1198 38 72 76 17 75 78 72 12 15 41 76 27 79 11 15 40 36 79 14 12 70 79 13 67 79 21 74 73
BASIC5000_1199 39 13 69 79 44 40 5 24 52 78 41 76 74 40 12 71 48 39 15 45 71 12 31 34 31
BASIC5000_1200 38 49 41 3 52 71 3 18 77 21 71 76 74 31 70 79 40 64 44 32
BASIC5000_1201 63 78 38 62 11 34 36 57 63 73 48 38 76 70 79 24 78 23 40 21 5
BASIC5000_1202 76 23 44 45 43 76 48 75 18 73 38 5 33 63 79 31 79 41 64 40 73
BASIC5000_1203 28 79 24 65 15 37 33 11 71 44 40 5 31 32 44 41 78 18 78 40 78 32
BASIC5000_1204 3 13 66 41 40 34 36 5 73 72 68 79 76 21 60 22 60 37 25
BASIC5000_1205 23 39 79 23 65 76 19 15 61 78 38 58 35 19 79 23 69 79 41 40 34 36 5 31
BASIC5000_1206 27 13 68 12 5 23 65 76 51 31 31 49 12 29 72 78 44 11 11 15 77 3 18 31
BASIC5000_1207 38 79 19 79 44 38 33 67 79 76 25 74 26 41 19 44 36 12 61 77 32 23 36 43
BASIC5000_1208 10 33 11 15 41 10 5 37 44 27 35 76 28 48 10 31 33 70 72 15 32 21 5
BASIC5000_1209 11 78 16 78 41 41 67 79 24 69 79 77 68 73 25 38 76 39 79 68 79 72 69 79 17 78 32
BASIC5000_1210 5 64 79 38 12 6 60 74 31 48 44 19 38 76 70 15 10 58 8 36 5 60 25
BASIC5000_1211 39 15 23 65 76 29 44 41 67 79 25 12 23 78 24 35 11 39 79 11 77 31 23 11 63 73 19 38 76 37 13 40 5
BASIC5000_1212 17 41 3 76 11 35 36 5 14 72 25 44 23 69 15 61 78 33 37 3 34 31
BASIC5000_1213 17 43 25 25 31 79 12 60 31 23 36 64 17 78 72 69 15 77 71 78 70 79 23 76 31 23 12 5 78 31 79 43 34 38 77 35 11 6 17 78 72 77 45 15 32 35 23 31 44 37 25
BASIC5000_1214 31 5 27 35 40 19 38 76 29 44 19 38 37 27 78 27 79 38 29 79 32 78 25 73 19 38 32
BASIC5000_1215 29 38 8 37 40 21 5 37 40 5 38 19 79 11 5 23 60 25 70
BASIC5000_1216 17 33 65 34 53 77 55 35 41 64 34 36 13 36 15 32 21 5
BASIC5000_1217 32 60 21 74 66 25 5 48 38 76 31 8 26 6 60 74 36 15 73 38 5 34 31 48 38 12 3 73 12 21 14 23 76 5 26 74 64 19 44 19 38 77 23 69 79 33 23 36 5 73
BASIC5000_1218 57 39 79 37 24 36 78 23 65 41 44 34 36 76 5 17 60 27 78
BASIC5000_1219 29 38 76 21 62 5 11 71 74 5 78 19 79 38 77 13 73 55 13 32
BASIC5000_1220 29 38 44 10 38 12 6 73 21 15 36 55 78 13 69 79 25 73 13 41 40 74 40 11 34 31
BASIC5000_1221 33 67 79 55 79 37 76 23 78 72 78 12 11 33 15 44 58 15 24 69 79 41 38 34 36 11 76 71 74 36 5 73
BASIC5000_1222 29 38 41 37 73 38 25 16 41 3 63 12 51 72 45 24 63 31
BASIC5000_1223 35 79 13 78 74 34 23 65 41 44 73 38 11 46 78 12 31 40 41 13 33 78 38 40 71 55 71 74 36 5 73 19 38 12 61 8 73
BASIC5000_1224 29 38 37 76 35 63 31 5 13 31 11 28 12 20 79 20 79 38 51 13 3 74 36 5 31
BASIC5000_1225 17 49 78 76 5 40 11 44 10 46 44 36 37 29 32 36 71 74 31
BASIC5000_1226 19 5 66 60 25 44 70 79 40 21 11 40 76 31 78 25 5 41 25 78 37 5 73
BASIC5000_1227 8 32 12 44 49 61 12 40 73 19 38 77 29 79 36 79 23 36 35 16 46 23 69 77 8 71 49 60 23 69 79
BASIC5000_1228 17 72 79 76 31 5 79 15 77 21 58 34 36 5 8 41 11 8 34 31
BASIC5000_1229 8 79 11 5 76 41 31 78 44 79 41 40 72 31 11 34 31 71 19 78 13 70 15 35 26 17 36 66 71 40 5 38 32 63 32
BASIC5000_1230 51 17 78 76 51 71 78 25 66 41 34 59 78 44 14 69 79 27 79 15 5 13 37 3 73
BASIC5000_1231 17 34 13 69 15 11 74 44 27 35 63 79 12 31 32 23 79 38 76 11 34 31
BASIC5000_1232 11 5 19 15 76 41 34 59 78 52 78 63 79 41 10 79 13 40 8 79 13 69 79 77 64 31 71 23 31
BASIC5000_1233 17 79 13 23 69 15 41 78 76 33 79 21 5 19 75 11 71 44 68 63 37 23 31
BASIC5000_1234 11 5 23 67 79 31 5 23 69 79 44 29 41 79 27 79 24 67 79 37 78 33 76 73 5 17 79 37 40 40 48 65 15 75 15 24 67 79 20 60 78 13 67 79 27 78 19 38 40 34 31
BASIC5000_1235 17 78 12 76 31 23 41 3 5 41 13 31 44 76 33 69 79 39 41 23 67 79 11 78 60 8 32 34 31
BASIC5000_1236 11 76 55 72 41 76 19 79 24 69 79 44 8 78 38 35 12 45 66 23 44 70 79 41 29 29 72 31 34 36 5 73
BASIC5000_1237 51 31 35 44 16 73 79 53 12 32 78 17 35 23 36 48 38 35 44 27 79 38 79 41 40 34 31
BASIC5000_1238 36 13 21 25 23 67 79 76 63 13 23 19 38 27 34 23 36 5 73
BASIC5000_1239 35 5 13 67 79 21 74 36 35 5 61 8 25 5 31 6 29 77 35 5 36 23 60 34 31
BASIC5000_1240 36 5 38 23 77 35 74 36 13 36 5 31 32 17 60 27 78 11
BASIC5000_1241 36 4 40 76 25 16 41 41 34 59 78 44 31 55 64 44 41 40 74 31
BASIC5000_1242 3 11 23 78 20 79 44 38 13 41 10 79 32 78 23 36 76 5 17 40 5 38 17 79 11 78 76 76 31 23 31 33 41 5 79 60 23 31
BASIC5000_1243 11 76 41 10 33 29 79 41 40 34 31 38 13 11 74 76 13 77 35 11 78 32
BASIC5000_1244 5 34 31 78 51 75 3 78 39 63 23 10 33 70 78 24 67 34 53 78 16 71 5 23 36 13 11 78
BASIC5000_1245 36 25 38 44 3 38 37 76 31 23 31 33 76 11 5 31 19 31 8 77 61 27 3 34 31
BASIC5000_1246 11 76 44 61 26 77 27 13 38 63 73 31 63 41 36 79 58 79 12 17 78 27 35 21 74 31
BASIC5000_1247 11 76 37 10 70 5 37 5 73 19 39 64 31 33 12 40 78 41 78 11 5 73
BASIC5000_1248 24 24 69 79 41 3 76 27 36 13 23 65 44 13 75 15 64 33 69 79 27 79 23 36 15 32 21 5
BASIC5000_1249 41 11 18 35 60 8 41 62 33 6 33 23 69 79 77 66 72 60 23 31
BASIC5000_1250 19 34 17 79 40 45 40 23 77 23 36 5 73 60 34 21 5 33 67 79 41 11 74 41 37 78 76 12 11 11 34 36 13 31 44 37 45 40 23 77 33 67 79 23 23 31
BASIC5000_1251 20 8 78 72 69 40 15 17 79 13 77 10 38 72 15 32 21 5
BASIC5000_1252 11 76 12 45 78 71 78 23 36 5 36 48 75 5 25 5 79 13 12 61 26 49 32 23 41 40 34 31
BASIC5000_1253 60 5 35 13 44 23 67 79 41 67 79 44 5 33 52 77 33 69 33 15 25 74 46 29 78 76 40 5
BASIC5000_1254 41 15 31 5 38 27 79 23 78 38 76 29 79 27 79 24 37 3 72 11 61 44 61 12 39 33 71 12 39 33 71 40 44 11 77 23 34 36 5 73
BASIC5000_1255 32 5 31 5 39 44 15 71 5 44 43 32 78 37 5 17 60 25 11
BASIC5000_1256 23 78 24 35 38 11 12 15 23 65 44 11 78 17 79 76 19 38 46 38 23 24 78 44 11 78 17 79 41 48 38 23 79 38 23 46 23 46 5 76 74 36 13 31
BASIC5000_1257 32 12 55 34 39 27 79 11 35 37 76 60 34 31 15 61 72 69 15 36 13 24 65 40 5 78 32
BASIC5000_1258 32 11 71 48 38 72 37 5 15 40 38 5 34 31 44 37 25 70
BASIC5000_1259 13 35 8 78 41 70 34 36 23 58 79 23 31 64 44 44 31 5 45 78 76 54 49 79 25 64 79 11 79 37 76 40 11 34 31
BASIC5000_1260 32 17 39 10 74 44 19 19 75 76 60 32 11 10 25 44 40 11 41 5 73
BASIC5000_1261 24 35 76 11 74 76 6 60 74 35 13 70 5 41 78 18 78 40 44 37 25
BASIC5000_1262 32 34 36 76 31 23 31 33 76 17 34 13 69 15 35 63 31 5 35 33 41 31 10 74 73 44 32 11 71
BASIC5000_1263 13 74 79 32 34 36 19 38 76 48 51 44 51 11 21 52 78 44 19 38 32 17 32
BASIC5000_1264 23 72 3 5 44 23 67 79 72 66 21 78 41 37 78 76 23 36 19 76 74 31 27 78 31 15 13 77 25 16 21 60 40 10 23 36 64 71 6 76
BASIC5000_1265 23 71 40 5 6 33 41 35 13 48 76 31 34 36 23 60 6 10 74 76 33 65 78 25 77 44 12 23 31 15 40 5
BASIC5000_1266 33 11 19 12 5 40 15 40 34 36 45 24 63 36 11 44 24 69 77 39 78 40 41 25 13 32 34 31 11 41 13 26 5 31
BASIC5000_1267 32 60 34 36 5 31 19 38 70 72 64 23 65 55 34 31 19 38 77 19 79 11 5 23 31 48 38 44 57 79 12 10 79 5
BASIC5000_1268 58 79 11 78 23 65 41 76 18 79 62 44 32 5 52 52 78 12 61 8 73
BASIC5000_1269 71 5 13 65 15 31 33 76 11 74 44 10 15 21 78 44 72 69 79 72 77 24 67 79 52 78 23 69 79 61 23 31
BASIC5000_1270 64 38 64 38 17 78 33 15 37 22 5 78 38 68 79 52 78 66 37 36 79 3 78 21 74 31 8 63 34 38 72 75 78 12 40 28 52 35 72 12 15 41 10 5 36 24 67 79 70 79 40 44 11 77 3 13 71 11 41 23 31 5
BASIC5000_1271 64 45 66 27 11 5 31 5 27 78 76 40 5 64 44 38 11 15 23 78 25 73
BASIC5000_1272 64 44 41 76 25 55 36 45 24 63 38 68 79 44 12 3 73 45 26 32
BASIC5000_1273 64 34 38 68 34 15 72 3 73 15 70 79 41 27 78 27 79 41 31 44 78 32
BASIC5000_1274 64 33 75 78 76 31 23 76 29 44 47 79 36 4 79 41 5 13 60 25
BASIC5000_1275 72 19 36 13 40 48 38 76 24 52 78 44 11 78 24 69 79 23 11 11 78 12 8 40 5
BASIC5000_1276 64 23 60 78 5 33 36 35 32 5 12 48 35 70 79 40 71 28 48 10 23 71 27 15 32 21 5
BASIC5000_1277 33 69 79 8 13 41 43 78 44 45 78 17 35 41 33 57 79 17 78 24 76 51 60 78 32 34 31
BASIC5000_1278 64 79 3 5 35 44 27 78 25 44 76 73 21 41 76 6 78 22 72 25 73 70
BASIC5000_1279 23 78 32 5 38 79 72 69 79 76 16 78 77 30 79 13 69 79 23 31 5 38 10 64 34 36 5 73
BASIC5000_1280 13 42 76 36 22 76 72 12 66 76 71 11 15 25 55 25 55 23 36 5 73
BASIC5000_1281 25 79 21 35 44 3 78 40 5 23 69 77 11 34 31 12 39 74 64 76 31 23 44 31 25 17 41 76 40 71 40 11 34 31
BASIC5000_1282 13 67 79 24 67 79 43 78 32 5 41 76 5 75 78 40 24 17 78 12 10 19 34 31
BASIC5000_1283 20 23 69 15 76 5 15 35 11 3 73 12 28 78 31 5 38 23 36 76 5 79 57 78 32
BASIC5000_1284 61 33 44 20 41 37 3 34 31 38 13 41 76 24 23 69 37 23 71 55 40 17 74 46 40 71 40 5
BASIC5000_1285 10 66 12 11 43 64 33 44 19 39 64 76 10 11 43 44 35 11 5 11 31 77 23 71 40 5
BASIC5000_1286 10 66 11 27 78 27 79 12 19 39 64 41 39 15 23 69 44 31 44 23 61 77 24 67 79 52 78 41 76 11 71 27 40 17 74 46 40 71 40 5
BASIC5000_1287 11 79 21 78 76 75 34 15 76 50 78 38 19 40 5 38 68 79
BASIC5000_1288 5 66 38 62 44 57 79 12 10 15 21 78 77 70 75 19 46 27 31 5 38 10 64 34 36 66 34 36 5 73 78 32 70 38 10 64 6
BASIC5000_1289 15 75 42 72 44 72 62 24 78 12 13 79 38 68 79 31 5 66 44 10 38 38 38 64 41 11 39 77 60 12 34 31
BASIC5000_1290 5 71 42 35 18 16 33 77 23 36 11 74 71 44 17 34 19 78 27 79 11 35 41 40 61 11 28 77 31 36 73 19 38 76 40 5
BASIC5000_1291 5 70 5 70 38 68 79 38 13 41 40 34 36 11 74 76 10 24 18 26 5 31
BASIC5000_1292 5 76 68 73 8 79 33 76 31 78 41 33 23 13 44 32 78 56 78 37 76 40 5 19 38 77 19 19 75 41 38 63 36 10 15 55 13 32
BASIC5000_1293 8 78 38 35 76 17 62 72 77 32 78 75 11 71 29 38 8 32 25 64 44 32
BASIC5000_1294 5 75 5 75 38 31 25 17 36 15 32 21 34 36 76 31 23 31 33 76 13 61 41 38 36 64 11 78 23 65 23 36 5 60 25
BASIC5000_1295 10 66 44 19 19 75 44 40 11 37 76 19 39 64 76 27 79 33 69 79 23 36 64 38 23 77 38 71 40 5 44 37 3 73
BASIC5000_1296 10 66 76 76 31 23 12 48 38 72 37 5 15 19 38 77 68 73 21 40 11 34 31
BASIC5000_1297 66 13 67 79 24 69 79 41 76 10 79 15 44 19 79 51 78 23 31 51 2 78 12 5 60 23 31
BASIC5000_1298 10 66 41 23 40 74 31 62 25 19 38 17 34 19 78 25 73 24 69 27 79 76 23 3 76 27 37 3 73
BASIC5000_1299 39 40 72 35 17 31 11 34 31 12 10 64 5 38 39 60 34 31
BASIC5000_1300 10 79 40 61 77 6 17 36 11 74 44 11 42 79 76 36 78 53 15 23 31
BASIC5000_1301 51 13 35 17 73 35 63 31 5 11 28 12 57 43 61 41 23 61 31
BASIC5000_1302 18 78 22 5 54 79 23 65 76 41 34 59 78 28 78 19 15 41 48 24 69 79 41 70 15 29 23 13 21 74 31 41 48 65 15 44 45 78 46 5 36 78 77 64 34 36 5 60 25
BASIC5000_1303 23 67 51 12 70 11 77 24 67 79 52 78 64 36 73 70 79 41 40 34 31 44 64 37 78 11 27 79 48 78 44 31 60 64 44 37 3 73
BASIC5000_1304 8 39 24 32 5 41 11 15 45 78 44 23 69 79 74 79 21 15 41 70 34 36 28 78 19 15 11 15 33 41 24 46 21 78 14 69 79 12 10 19 34 31
BASIC5000_1305 3 11 73 5 8 12 10 37 51 31 72 76 48 11 72 11 12 66 15 61 71 5 77 3 68 61 45 24 63 31 78 32
BASIC5000_1306 64 44 12 31 72 44 25 24 76 3 73 23 60 77 52 31 5 41 36 78 11 5 25 73
BASIC5000_1307 3 13 71 11 41 11 74 71 76 11 74 44 38 61 38 33 79 77 43 31 78 37 5 73
BASIC5000_1308 18 78 33 44 48 38 31 33 76 29 44 33 15 41 31 33 5 73 19 38 77 68 73 21 74 40 11 34 31
BASIC5000_1309 25 25 78 37 27 13 41 78 77 38 73 38 68 79 19 38 76 27 79 24 67 15 44 23 73 23 37 3 73
BASIC5000_1310 11 74 39 15 24 44 66 72 11 31 76 76 74 76 74 44 3 5 32 37 76 41 78 13 12 40 5
BASIC5000_1311 10 66 38 23 36 60 19 38 41 40 21 17 40 5 24 69 79 31 5 41 3 72 60 23 31
BASIC5000_1312 41 67 79 23 27 79 39 44 11 5 11 15 11 72 13 67 71 62 44 11 5 11 15 76 33 65 15 33 65 15 38 25 25 78 37 5 73 12 3 68 61 76 10 29 5
BASIC5000_1313 6 78 39 79 64 11 39 41 40 73 38 68 79 12 5 62 8 13 37 3 73
BASIC5000_1314 10 5 29 12 23 79 38 19 75 77 20 71 5 23 65 5 31 32 13 3 72 12 38 79 20 22 5 60 23 31
BASIC5000_1315 10 12 76 12 21 71 21 71 38 40 12 74 73 10 38 12 13 19 8 73
BASIC5000_1316 10 19 19 75 26 11 5 41 3 35 15 10 74 79 64 79 23 3 18 60 25
BASIC5000_1317 14 78 19 79 76 76 74 76 74 44 11 43 12 3 78 28 78 40 19 38 77 11 15 66 15 23 31
BASIC5000_1318 14 27 79 77 45 71 76 40 5 37 23 67 79 11 15 77 8 73 19 38 76 37 13 40 5
BASIC5000_1319 20 71 15 38 68 79 36 78 37 76 57 38 78 39 40 41 64 3 72 60 27 78 37 23 31
BASIC5000_1320 60 35 64 38 27 79 33 69 79 76 27 78 13 67 79 48 65 15 13 67 79 24 67 79 41 43 78 41 40 15 40 34 31
BASIC5000_1321 48 11 78 75 78 12 68 79 27 79 40 44 32 11 71 17 5 8 79 23 65 76 29 44 17 79 11 15 77 32 78 43 78 25 73 32 75 79
BASIC5000_1322 38 72 79 38 68 79 38 11 5 32 78 77 3 12 34 31 38 19 75 41 3 34 31 3 11 5 10 52 24 7
BASIC5000_1323 31 5 49 69 79 11 71 70 79 66 15 27 79 11 78 23 31 76 31 23 44 63 41 76 23 78 71 46 78 23 69 79 12 6 35 15 23 15 6 35 34 31
BASIC5000_1324 24 17 78 77 23 78 14 23 31 44 76 39 44 21 5 46 78 11 78 37 25 11
BASIC5000_1325 24 72 13 37 29 79 23 40 21 5 38 33 33 76 76 31 23 41 5 34 31
BASIC5000_1326 41 67 79 24 69 79 72 69 79 76 29 79 17 79 41 27 78 20 48 65 15 39 73 41 40 34 31
BASIC5000_1327 51 31 35 44 15 41 44 27 78 29 79 76 72 69 79 19 15 44 10 79 13 40 29 78 23 35 37 10 76 34 31
BASIC5000_1328 31 5 29 79 13 69 79 14 44 40 11 37 76 36 35 58 79 44 32 5 23 65 72 78 12 25 13 37 25
BASIC5000_1329 29 79 29 51 44 32 5 11 71 38 79 13 69 79 41 25 78 37 5 60 25
BASIC5000_1330 55 34 23 44 33 67 79 64 78 23 69 44 38 79 72 33 67 79 64 78 5 31 23 60 25
BASIC5000_1331 21 73 31 33 76 31 12 5 41 17 26 15 75 5 23 3 34 36 5 73
BASIC5000_1332 48 13 44 46 23 77 23 36 57 23 11 34 31 23 65 23 78 76 5 35 37 13 73 44 37 25 11
BASIC5000_1333 72 69 79 23 35 44 15 32 64 44 12 51 68 41 76 51 29 15 23 43 32 78 64 31 11 15 40 73
BASIC5000_1334 23 78 17 79 23 35 40 48 38 76 19 44 23 20 38 41 76 62 11 40 5
BASIC5000_1335 43 49 13 19 79 23 69 79 41 48 35 70 79 40 24 69 79 17 78 77 10 23 8 36 15 32 21 5
BASIC5000_1336 19 79 72 35 36 13 40 13 11 5 12 41 15 31 5 75 79 39 79 41 38 34 36 11 76 34 31
BASIC5000_1337 49 23 69 79 12 11 40 71 26 23 64 60 78 30 15 77 3 71 76 23 36 5 73 76 17 37 76 40 5
BASIC5000_1338 3 76 40 5 37 5 73 38 48 38 44 19 19 75 76 5 34 29 79 3 5 24 69 79 12 51 11 15 40 73
BASIC5000_1339 19 78 20 44 28 79 27 79 11 5 11 15 37 76 14 78 19 79 14 69 79 11 5 41 40 78 44 8 79 13 69 79 64 3 31 8 40 5 32 75 79
BASIC5000_1340 48 34 19 23 36 13 31 46 11 72 32 11 71 60 32 54 66 12 21 34 53 79 17 79 40 78 32 70
BASIC5000_1341 29 23 13 46 5 70 79 44 23 36 78 11 71 76 19 44 24 34 17 78 44 11 78 13 69 79 76 64 34 38 18 78 61 35 41 13 36 79 21 74 73 55 13 37 3 73
BASIC5000_1342 33 36 13 40 39 15 23 69 44 31 63 44 31 32 23 79 29 15 39 40 39 38 68 79 64 44 76 29 78 22 5 23 40 5
BASIC5000_1343 32 5 24 69 79 52 76 31 23 76 48 38 72 37 37 13 73 11 71
BASIC5000_1344 13 17 46 13 15 57 39 60 25 60 25 10 64 23 75 15 40 73
BASIC5000_1345 13 19 8 73 10 38 76 38 17 79 44 11 33 11 33 38 68 79 10 38 32 17 32 34 31
BASIC5000_1346 43 78 60 35 44 17 79 22 5 49 69 79 41 76 36 12 73 41 13 15 46 78 44 79 66 15 40 39 3 72 60 27 78
BASIC5000_1347 13 19 8 73 27 78 72 35 76 6 35 15 23 79 12 13 19 8 40 5 27 78 72 35 76 21 71 41 6 35 15 23 79
BASIC5000_1348 13 15 38 19 75 41 70 73 38 11 74 76 62 71 37 76 48 38 11 39 44 24 78 52 35 32 29 79 32
BASIC5000_1349 13 79 31 19 38 77 40 78 37 64 11 78 37 64 23 78 24 36 76 5 17 40 5
BASIC5000_1350 48 63 79 41 76 72 27 79 41 21 8 6 34 31 8 73 33 11 71 12 3 73
BASIC5000_1351 23 35 37 76 19 74 76 3 74 70 72 45 73 11 41 60 21 34 36 5 73
BASIC5000_1352 23 35 44 70 5 21 79 49 25 12 64 38 63 71 74 36 5 73
BASIC5000_1353 43 34 13 69 79 36 13 40 11 78 13 65 15 12 13 69 79 14 24 69 79 41 40 32 74 19 78 32
BASIC5000_1354 10 38 19 31 33 76 38 71 34 15 41 36 41 64 35 77 35 78 32
BASIC5000_1355 23 78 19 15 21 5 15 79 19 79 76 24 34 21 5 40 72 31 77 68 79 63 79 41 23 31
BASIC5000_1356 45 45 44 23 76 76 31 23 44 23 69 79 12 5 41 10 79 13 40 15 79 45 15 77 44 19 23 31
BASIC5000_1357 10 38 19 12 6 60 41 44 34 36 29 44 61 33 77 66 34 36 13 31
BASIC5000_1358 33 67 79 27 79 44 5 78 16 71 78 39 37 76 60 33 38 68 79 60 33 44 25 55 36 12 38 13 41 76 5 33 39 41 20 48 65 15 41 78 64 44 27 78 23 67 12 38 15 36 79 44 13 67 79 24 35 41 51 34 38 58 79 73 77 23 36 5 31 44 37 25
BASIC5000_1359 10 38 19 37 64 10 78 40 37 64 40 41 11 48 38 35 44 14 24 67 35 77 61 41 35 17 73 19 38 12 44 30 60 23 79
BASIC5000_1360 10 38 19 44 19 76 24 52 78 44 5 64 79 38 77 61 15 32 23 12 33 37 3 73
BASIC5000_1361 10 38 19 76 25 16 41 23 67 79 11 78 77 11 8 71 74 73 64 44 37 76 40 5 78 32
BASIC5000_1362 51 15 76 3 11 50 78 15 3 10 5 75 40 39 37 3 34 31
BASIC5000_1363 51 15 44 8 71 49 11 31 76 57 23 67 36 13 41 40 34 36 13 36 5 73
BASIC5000_1364 10 46 43 6 33 12 71 23 31 11 74 44 25 12 31 77 61 73 44 76 23 44 49 40 5 43
BASIC5000_1365 32 5 15 12 62 25 19 41 38 72 20 66 77 35 15 34 36 66 73 44 76 5 31 34 36 11 78 31 78 40 19 38 37 3 73
BASIC5000_1366 31 5 33 69 79 76 52 11 41 31 32 33 41 23 67 79 20 79 25 73 70 79 41 63 79 74 79 23 31
BASIC5000_1367 11 20 23 60 41 76 5 33 39 64 5 34 31 19 38 12 3 72 60 27 78 12 19 38 23 44 40 35 5 15 35 64 72 37 25
BASIC5000_1368 36 78 23 44 45 40 23 77 25 73 38 29 44 45 46 31 13 12 13 19 8 73 37 3 75 79
BASIC5000_1369 31 23 69 79 44 10 15 74 77 19 79 72 69 23 36 10 15 44 12 48 35 70 79 32
BASIC5000_1370 19 79 29 15 39 79 75 77 45 23 73 38 13 76 5 15 71 33 67 79 5 23 36 64 24 67 79 52 78 38 76 5 8 40 5
BASIC5000_1371 21 14 69 79 5 78 76 3 31 71 23 79 5 8 41 45 5 27 78 19 79 24 77 23 36 5 73
BASIC5000_1372 32 78 43 35 27 79 12 25 16 74 36 5 73 19 38 44 17 34 36 78 76 25 16 41 11 43 35 24 69 79 31 5 41 40 34 36 23 60 6 38 68 79 19 38 37 3 73
BASIC5000_1373 23 67 34 27 25 73 31 63 41 76 27 34 13 69 15 36 13 40 41 78 18 78 37 40 17 74 46 40 71 40 5
BASIC5000_1374 5 33 52 44 49 69 79 5 78 76 70 79 24 70 79 61 73 15 44 62 72 69 79 61 57 78 77 45 5 51 25 73
BASIC5000_1375 23 74 79 11 78 76 52 11 41 62 11 34 36 31 32 33 41 45 34 59 79 25 73 70 79 63 79 74 79 77 45 34 23 31
BASIC5000_1376 21 78 13 67 79 44 3 38 11 44 24 69 76 60 31 64 38 44 23 20 38 41 64 39 34 31
BASIC5000_1377 27 75 78 76 27 79 24 44 72 69 79 5 13 37 24 67 79 70 79 40 66 15 76 72 77 8 78 26 73
BASIC5000_1378 5 33 75 79 76 39 19 38 40 15 13 26 35 5 31 70 79 41 5 34 31 12 29 74 12 6 29 34 47 33 37 3 73 19 38 76 19 5 35 38 44 40 12 43 78 44 35 13 3 5 12 10 23 8 36 15 74 31
BASIC5000_1379 13 33 44 19 38 76 61 33 44 19 38 38 15 55 35 23 40 15 36 76 40 71 40 5
BASIC5000_1380 11 23 35 77 10 11 23 36 23 60 5 60 19 38 41 64 79 23 76 17 40 5 37 25
BASIC5000_1381 20 27 79 13 67 79 52 78 44 23 69 79 48 78 76 17 34 11 78 48 78 37 23 31 44 37 76 31 15 23 39 64 38 23 36 76 10 23 45 71 5 5 31 23 11 43 60 25
BASIC5000_1382 11 78 56 13 40 10 34 38 41 60 32 37 3 34 31 19 38 12 40 5
BASIC5000_1383 23 67 34 17 35 77 38 63 73 31 63 41 39 79 41 11 23 40 17 74 46 40 71 40 5
BASIC5000_1384 10 76 25 74 41 40 34 31 32 17 11 38 10 64 5 60 23 31
BASIC5000_1385 51 68 66 25 61 76 39 44 70 79 41 25 20 23 60 23 31 11
BASIC5000_1386 27 13 48 78 38 16 33 41 5 31 71 46 19 5 76 60 39 70 72 38 49 21 73
BASIC5000_1387 29 44 23 20 38 76 23 69 79 20 60 8 41 10 8 43 46 40 71 40 5
BASIC5000_1388 45 11 27 31 33 44 5 17 78 12 5 34 33 23 40 5 38 13 76 32 74 12 13 63 73 44 11
BASIC5000_1389 23 35 63 79 25 73 19 38 5 24 69 79 41 10 79 13 40 51 19 79 12 3 73 32 75 79 11
BASIC5000_1390 19 79 73 70 79 40 35 63 31 5 11 28 12 57 43 60 37 23 61 31
BASIC5000_1391 5 34 50 13 44 5 42 38 51 31 72 44 41 78 18 78 12 24 65 78 53 23 36 5 73
BASIC5000_1392 10 34 36 35 79 33 12 3 73 60 37 11 5 20 79 76 8 78 13 21 74 31
BASIC5000_1393 23 67 79 39 79 23 44 70 79 41 26 13 78 77 11 52 34 31 15 64 76 59 35 72 59 35 72 38 10 33 73 3 63 77 24 67 26 44 70 79 41 35 60 16 34 36 5 73
BASIC5000_1394 38 79 14 44 11 36 79 37 29 44 19 38 41 76 51 74 71 74 40 11 34 31
BASIC5000_1395 31 8 71 74 40 5 3 34 47 15 11 71 44 12 74 73 31 63 41 24 21 35 41 45 23 73 19 39 64 31 33 64 5 73
BASIC5000_1396 18 78 28 79 76 23 46 23 46 17 79 22 5 77 23 18 13 25 73 24 67 79 70 79 40 22 5 27 79 27 79 21 15 23 67 32 78 38 23 36 35 11 76 74 73
BASIC5000_1397 72 69 79 36 78 49 78 41 11 17 70 79 34 31 34 36 29 79 76 5 13 60 27 78 70
BASIC5000_1398 31 78 24 11 78 37 31 12 15 44 10 11 43 77 8 73 19 38 76 70 79 5 37 76 40 11 34 31
BASIC5000_1399 27 78 23 67 79 3 31 72 64 21 29 34 36 15 74 36 5 31 12 70 73 12 10 29 5 44 37 40 15 40 15 19 38 76 34 31
BASIC5000_1400 36 13 77 64 34 31 19 38 44 40 5 64 44 41 76 38 64 76 37 13 40 5
BASIC5000_1401 27 78 23 78 19 15 76 45 34 36 78 38 24 69 79 19 15 77 64 34 38 8 78 24 69 25 55 13 32
BASIC5000_1402 10 38 76 23 32 5 41 70 76 15 40 72 29 23 36 38 79 38 79 13 19 8 40 15 40 34 31
BASIC5000_1403 41 11 18 35 41 5 33 39 63 79 31 79 77 17 78 21 23 60 25
BASIC5000_1404 38 13 77 19 8 36 19 32 5 44 19 78 33 67 79 31 33 12 19 45 15 44 40 11 37 5 13 5 13 38 10 39 73
BASIC5000_1405 35 79 11 23 31 15 73 60 12 76 31 23 44 19 79 38 41 61 26 77 45 43 11 17 31
BASIC5000_1406 33 69 34 17 79 5 33 63 79 38 73 51 11 21 41 63 79 38 73 44 3 40 77 57 73 44 41 66 15 41 24 11 78 45 78 11 11 72 60 23 31
BASIC5000_1407 45 5 68 79 18 79 24 67 35 11 10 78 12 15 11 29 74 41 21 34 11 76 45 40 23 19 38 46 61 52 72 23 13 21 5 10 38 40 39 77 51 15 62 5 75 5 75 40 11 31 33 77 35 11 6 19 38 12 37 13 73
BASIC5000_1408 51 70 79 5 40 19 38 46 76 10 79 13 40 76 22 76 5 44 64 38 41 40 73 37 3 75 79
BASIC5000_1409 35 79 52 75 34 15 21 13 60 37 3 73 13 48 32 72 8 60 12 72 40 21 5
BASIC5000_1410 10 38 12 10 79 13 79 57 79 12 12 23 12 23 23 20 38 23 36 5 73 70 79 41 61 8 73 38 68 79 48 38 38 6 73 21 5 32 17 34 36 68 79 48 38 5 60 25 70 43
BASIC5000_1411 41 32 5 44 15 73 60 76 31 12 5 41 61 33 77 68 26 75 79 38 23 31
BASIC5000_1412 63 79 58 41 76 31 23 44 40 60 8 64 35 5 11 23 36 15 32 21 5
BASIC5000_1413 13 36 13 12 40 34 36 51 43 76 68 34 15 72 38 61 40 38 11 71 45 40 74 36 5 34 31
BASIC5000_1414 76 27 32 32 5 12 15 41 10 17 73 11 74 44 21 5 20 44 19 79 14 76 46 78 71 5 44 45 15 23 67 11 34 21 5 77 3 49 31
BASIC5000_1415 24 69 79 29 44 64 44 76 51 35 79 44 23 72 78 32 79 24 69 79 37 25 11 71 39 3 77 23 63 31 71 10 79 38 75 34 15 25 73 38 68 79 19 38 76 3 72 60 27 78
BASIC5000_1416 40 66 41 76 24 36 78 23 65 77 10 5 36 76 5 17 40 5
BASIC5000_1417 15 5 79 24 44 45 34 31 23 69 79 43 78 76 72 69 79 72 77 28 78 52 31 5 71 18 31
BASIC5000_1418 31 55 64 44 76 70 15 40 11 34 31 12 25 15 40 15 38 64 43 32 78 12 66 25 11 34 31
BASIC5000_1419 11 78 13 65 15 12 76 11 71 3 5 36 33 79 62 77 76 71 34 36 66 73 19 38 76 29 44 23 13 77 15 24 15 19 38 41 40 75 79
BASIC5000_1420 23 46 11 72 13 12 11 78 29 40 35 15 72 44 41 16 73 60 41 35 78 37 3 73
BASIC5000_1421 21 11 77 10 72 73 38 13 41 11 44 24 69 44 10 78 58 75 24 36 78 23 65 76 13 79 13 79 10 38 77 31 36 31
BASIC5000_1422 25 14 21 34 31 19 38 77 40 18 5 36 64 23 69 79 12 40 5
BASIC5000_1423 29 79 23 65 44 40 11 41 76 45 23 72 40 12 71 61 26 77 44 62 64 44 64 5 73
BASIC5000_1424 3 71 23 76 19 44 6 8 64 40 15 45 18 23 15 40 34 36 13 31
BASIC5000_1425 23 78 23 40 71 61 33 41 35 46 40 39 45 11 40 5 32 75 79
BASIC5000_1426 5 29 44 21 78 5 34 11 76 70 15 45 5 13 78 16 41 5 34 31 64 44 32
BASIC5000_1427 3 71 23 37 11 74 71 76 5 8 44 40 11 41 38 24 19 63 71 74 31
BASIC5000_1428 27 79 23 69 15 23 65 76 24 78 27 79 44 71 15 20 23 65 44 57 79 41 61 11 31 23 36 23 69 79 72 23 65 77 27 34 38 15 23 3 68 61 70 71 27 73 19 38 77 40 72 76 5 38 23 36 5 73 70 79 41 10 64 8 73
BASIC5000_1429 31 5 23 67 79 76 39 15 21 5 23 65 41 45 78 19 79 23 36 45 78 71 78 77 10 19 23 31
BASIC5000_1430 3 71 23 12 40 11 34 31 71 76 31 23 76 64 34 38 45 66 15 35 5 31 44 32 12
BASIC5000_1431 72 67 79 18 78 48 20 41 60 39 76 21 74 73 55 11 71 26 38 76 68 79 64 44 44 68 79 76 66 25 15 10 19 40 6 76 12 31 23 38 10 64 76 40 5
BASIC5000_1432 3 66 60 33 77 3 71 31 62 73 41 45 46 11 73 19 38 40 11 74
BASIC5000_1433 39 32 5 76 19 78 15 72 79 38 37 11 31 63 71 74 36 5 73
BASIC5000_1434 33 33 76 70 75 19 78 37 5 73 39 19 75 11 38 36 64 10 19 34 36 5 73
BASIC5000_1435 33 33 44 23 20 11 74 76 39 15 12 15 23 40 17 74 46 40 71 40 11 34 31
BASIC5000_1436 33 33 38 76 31 23 76 41 33 70 79 49 41 76 5 35 64 36 41 25 77 23 36 5 31
BASIC5000_1437 71 36 78 20 77 70 63 73 12 15 27 79 76 57 38 78 39 5 40 5
BASIC5000_1438 49 27 79 52 35 12 15 44 13 57 78 11 71 21 5 23 78 44 24 69 79 57 79 60 37 77 64 79 71 25 73
BASIC5000_1439 71 34 51 73 26 37 23 69 15 24 23 31 17 74 46 25 79 23 67 79 11 78 60 8 41 70 66 15 23 40 17 74 46 40 71 40 5
BASIC5000_1440 19 79 8 78 23 65 76 24 52 78 44 32 5 12 15 24 32 5 44 10 64 5 37 77 15 76 23 15 45 40 23 31
BASIC5000_1441 8 78 52 78 44 31 11 5 23 69 15 24 77 38 73 38 19 79 17 35 3 35 44 18 78 5 78 41 40 73 11 64 23 74 40 5
BASIC5000_1442 71 78 32 79 12 48 35 70 79 40 23 67 79 27 79 77 57 39 19 23 31 19 38 76 33 67 79 5 25 73 11 33 12 3 73
BASIC5000_1443 33 33 12 76 31 23 44 31 63 41 10 5 23 79 33 67 79 23 69 15 77 35 15 34 36 15 74 31
BASIC5000_1444 3 11 24 76 40 78 38 11 6 63 3 76 27 40 17 74 46 40 71 40 5
BASIC5000_1445 33 33 11 71 76 31 23 41 19 78 50 67 79 31 79 18 79 62 12 3 31 8 71 74 31
BASIC5000_1446 15 33 52 8 76 3 73 57 79 57 79 37 5 13 77 51 15 19 38 37 37 13 73
BASIC5000_1447 38 79 21 78 76 29 78 40 46 11 40 19 38 77 23 31 19 38 37 62 25 19 41 45 71 77 31 36 31
BASIC5000_1448 72 19 79 40 48 38 64 5 74 46 29 79 37 40 5 48 38 64 5 73
BASIC5000_1449 71 62 23 67 77 19 44 60 40 5 38 23 36 64 19 74 77 5 34 47 5 66 34 36 61 31 60 8
BASIC5000_1450 64 78 32 5 76 31 5 70 79 8 43 73 14 79 41 76 19 25 38 12 11 11 72 25 14 73 38 68 79 19 38 32
BASIC5000_1451 11 30 15 76 60 64 40 15 3 31 71 23 79 11 78 13 69 79 41 38 17 19 78 32
BASIC5000_1452 24 69 79 62 5 78 12 31 32 5 60 37 5 72 16 33 77 3 17 36 10 72 60 25
BASIC5000_1453 29 34 33 69 15 41 68 79 38 11 74 76 21 34 11 38 68 79 70 72 76 62 23 75 48 48 69 79 11 32
BASIC5000_1454 36 13 38 79 40 13 11 5 12 3 74 46 3 40 31 77 11 74 41 23 69 79 11 5 23 70 79
BASIC5000_1455 12 15 33 69 79 76 27 79 38 31 33 41 35 14 44 38 79 72 41 19 79 8 78 23 31
BASIC5000_1456 48 24 11 17 5 25 41 19 23 11 17 36 23 46 71 15 10 33 35 5 36 15 32 21 5
BASIC5000_1457 45 45 17 79 44 29 58 76 29 44 13 67 79 23 13 44 39 74 25 77 13 73 19 38 41 19 23 35 25 73
BASIC5000_1458 48 67 79 26 21 78 50 79 31 79 52 71 6 78 37 25
BASIC5000_1459 75 15 24 67 79 41 25 73 31 63 41 76 24 67 79 40 40 41 40 41 77 31 27 46 70 5 44
BASIC5000_1460 75 15 24 67 79 20 21 5 5 24 69 79 44 48 38 31 33 76 27 79 51 11 71 43 78 13 78 77 6 17 36 5 73
BASIC5000_1461 48 70 19 12 8 21 77 21 12 23 36 24 63 78 77 35 35 5 36 5 73
BASIC5000_1462 48 73 38 78 23 76 5 8 77 6 72 31 15 40 34 36 23 78 52 78 41 19 79 19 15 77 32 23 31
BASIC5000_1463 48 78 14 25 12 5 34 11 5 27 78 45 5 31 5 44 10 79 46 78 15 73 76 27
BASIC5000_1464 48 79 38 3 5 71 78 39 18 78 23 69 79 44 24 34 31 5 11 5 27 13 38 31 5 21 15 44 3 72 11 31 41 35 5 36
BASIC5000_1465 15 25 72 12 71 78 70 79 21 74 73 38 48 38 49 38 44 17 78 19 79 77 12 5 25 73 11 44 79 27 79 12 3 73
BASIC5000_1466 13 69 79 13 67 79 12 60 64 40 15 24 67 70 79 41 10 5 35 15 37 23 69 79
BASIC5000_1467 48 34 38 71 79 76 24 21 35 23 31 38 27 78 27 79 76 76 31 23 41 10 34 23 65 34 31
BASIC5000_1468 27 78 31 15 77 25 73 38 68 79 19 38 76 35 43 41 14 27 79 77 35 60 72 3 73 64 44 77 3 13 71 63 36 55 35 44 64 44 77 38 73 19 38 77 5 61 25 73
BASIC5000_1469 48 38 71 79 76 39 5 35 77 27 78 29 79 41 48 13 5 74 31
BASIC5000_1470 48 39 5 43 58 15 71 44 11 78 17 79 76 19 78 40 41 39 71 5 32 34 31 44
BASIC5000_1471 48 60 71 66 44 66 60 76 3 78 37 25 44 66 60 70 72 64 31 11 5
BASIC5000_1472 15 25 72 41 70 34 36 76 66 15 32 35 39 19 75 11 14 65 15 41 12 5 41 40 73 64 44 64 3 73
BASIC5000_1473 15 25 72 44 13 13 63 12 32 78 32 78 40 15 40 34 36 13 31
BASIC5000_1474 15 25 72 76 19 39 64 44 36 44 38 39 11 40 5 38 19 75 41 10 15 55 13 32
BASIC5000_1475 19 79 75 78 12 33 69 79 39 45 18 23 79 38 13 41 11 74 12 33 67 79 21 5 41 45 5 34 31
BASIC5000_1476 50 34 31 72 3 6 11 39 79 11 19 44 23 78 33 69 79 44 51 15 77 13 36 61 40 21 5
BASIC5000_1477 23 69 79 12 15 44 43 78 13 78 37 27 79 11 35 25 73 44 76 11 74 41 76 19 78 40 78 37 3 34 31
BASIC5000_1478 13 78 32 5 14 24 67 35 76 10 79 15 44 64 44 77 3 31 8 36 15 74 73
BASIC5000_1479 75 15 21 5 5 24 69 79 44 19 39 64 76 12 34 19 79 41 11 70 76 40 17 74 46 40 71 40 5
BASIC5000_1480 29 79 10 78 12 48 39 11 34 31 44 37 55 5 72 79 13 69 79 24 67 76 24 52 78 44 19 8 77 38 79 25 19 38 12 37 13 40 11 34 31
BASIC5000_1481 70 49 32 23 36 57 23 79 48 38 44 40 60 8 76 40 78 37 25 11
BASIC5000_1482 5 37 78 23 15 61 11 8 23 69 15 48 78 77 31 55 73 44 76 13 17 78 32 38 10 64 5 60 25 11
BASIC5000_1483 48 75 19 76 60 34 31 15 48 38 72 13 72 37 29 19 41 25 76 34 36 5 31
BASIC5000_1484 10 15 40 5 41 5 73 44 12 64 34 31 5 40 5 16 71 5 70 5 36 78 13 32 34 31
BASIC5000_1485 57 34 11 5 39 79 41 5 34 31 71 66 34 47 72 6 61 44 21 33 77 31 55 40 5 38 5 34 31 5 61 12 40 5 37 23 69 79
BASIC5000_1486 27 78 12 15 48 21 5 44 76 31 23 37 76 3 72 60 25 12 40 41 38 30 61 40 21 60 44 10 33 11 71 77 31 60 76 72 31 15 19 19 41 10 43 12 5 64 79 23 3 18 73 23 32 5 37 25
BASIC5000_1487 61 73 48 76 74 79 15 24 7 41 79 46 77 11 31 39 34 36 5 17 77 35 15 34 31
BASIC5000_1488 23 69 79 14 44 13 51 41 76 33 69 21 15 17 78 12 3 73 44 11 38 5 34 31 19 38 76 5 75 5 75 40 38 19 75 37 14 75 78 21 74 36 5 60 25
BASIC5000_1489 48 69 79 12 51 73 44 77 61 31 19 38 12 3 72 60 25 11
BASIC5000_1490 11 8 72 61 71 74 42 62 25 79 44 48 69 79 72 67 79 23 65 12 5 8 77 64 38 63 36 73
BASIC5000_1491 45 23 76 35 70 5 40 12 74 41 31 8 71 74 26 57 79 11 5 23 31
BASIC5000_1492 27 78 20 60 64 40 15 33 33 76 3 31 71 23 79 5 8 77 11 34 31 12 29 19 37 76 31 23 76 6 60 74 31
BASIC5000_1493 24 12 30 79 77 11 15 38 13 32 74 37 64 25 76 34 36 24 34 38 24 52 78 77 61 35 63 60 25
BASIC5000_1494 40 41 5 34 36 78 32 5 34 36 15 74 40 5 38 76
BASIC5000_1495 23 69 15 33 67 79 23 69 15 52 35 76 19 78 33 67 79 77 38 71 8 73 31 63 44 21 60 22 60 40 23 67 73 5 44 76 40 77 29 40 8 36 5 73
BASIC5000_1496 19 78 37 5 73 46 25 44 40 11 37 32 74 11 12 76 31 23 44 40 77 70 52 44 77 13 79 31
BASIC5000_1497 23 69 79 41 78 23 31 21 44 3 60 72 11 74 76 31 41 78 44 11 78 24 69 79 77 11 78 12 8 40 11 34 31
BASIC5000_1498 6 23 40 34 31 38 13 77 6 63 3 76 27 73 44 76 62 26 11 23 79
BASIC5000_1499 25 5 61 78 76 17 78 19 79 41 11 15 19 38 12 37 13 40 5 64 44 37 25
BASIC5000_1500 45 31 17 76 63 78 27 13 12 21 78 49 65 15 8 79 11 79 5 24 69 79 3 73
