BASIC5000_0501 75 138 9 478 930 38 111 77 107 1211 72 1206 22 42 43 507 20 59 160 599 1229 35 38 4
BASIC5000_0502 75 143 149 364 43 1312 1137 12 1009 928 431 1203 1427 39 358 765 20 55 20 28
BASIC5000_0503 326 482 9 1061 44 69 68 351 1115 602 43 778 58 34 507 38 4
BASIC5000_0504 75 145 91 152 145 275 42 253 31 34 4 38 4 1415 56 906 43 3 67 55 22 8
BASIC5000_0505 75 144 97 43 209 8 588 42 20 16 67 9 868 14 68 42 72 619 21 28
BASIC5000_0506 1261 16 20 34 12 69 68 589 1176 43 38 8 31 28 42 39
BASIC5000_0507 82 82 83 133 43 920 906 9 1234 493 38 407 414 39 206 73 35 4 68
BASIC5000_0508 7 1124 9 1018 4 34 4 28 44 8 67 35 38 12 1003 1315 43 383 42 855 10 39 59 1143 20 73 35 4 28
BASIC5000_0509 611 874 43 1338 1343 959 1346 789 42 7 1338 72 1176 819 20 28
BASIC5000_0510 82 78 134 43 184 42 433 72 55 41 68 16 36 9 35 10 68
BASIC5000_0511 82 77 109 77 125 97 43 38 27 38 27 39 797 991 39 1031 6 28 42 29
BASIC5000_0512 404 724 699 42 323 580 1339 67 39 1163 10 55 24 73 8
BASIC5000_0513 395 473 42 165 35 1003 9 153 947 454 10 38 42 43 1004 29
BASIC5000_0514 82 102 149 517 42 987 430 43 931 427 39 572 1394 72 340 54 22
BASIC5000_0515 82 103 82 103 20 34 38 4 35 43 61 12 26 42 381 1404 72 1186 823 20 38 18 4
BASIC5000_0516 306 566 72 20 34 4 68 1353 43 574 39 1206 20 8 14 34 43 4 14 38 4
BASIC5000_0517 153 1178 32 55 66 38 4 273 746 175 59 61 9 34 28 4 51 73 38 1061 753 39 38 68 16 36 9 3 68
BASIC5000_0518 1349 633 9 438 4 42 39 574 452 43 1128 622 20 28 9 66 38 8 31 28
BASIC5000_0519 274 1419 518 39 959 68 36 22 44 66 20 4 274 1419 42 439 716 9 1178 66 69 68
BASIC5000_0520 84 124 144 80 145 43 898 4 97 152 125 36 95 79 144 152 1330 72 507 20 1415 73 29 29 14 29 31 28
BASIC5000_0521 684 201 39 977 12 55 35 55 31 22 13 1163 10 38 18 4
BASIC5000_0522 827 936 18 73 72 372 47 273 20 34 4 28 29 14 55 22 8
BASIC5000_0523 153 439 33 14 42 1203 1427 306 566 35 587 439 20 38 14 69 44 4 14 38 4 29 70 5
BASIC5000_0524 568 773 751 262 35 17 56 72 658 34 38 4 35 159 18 4
BASIC5000_0525 20 32 16 4 24 10 9 273 34 38 8 38 8 830 67 55 24 73
BASIC5000_0526 20 31 8 67 36 20 28 968 783 72 652 31 34 4 69 44 5 55 12 4 12 35 20 64 5
BASIC5000_0527 17 341 184 43 1003 39 43 28 4 26 5 504 4 59 42 35 22
BASIC5000_0528 20 38 12 34 43 38 66 38 4 490 1404 9 28 12 18 73 3 68
BASIC5000_0529 862 51 43 37 5 1163 31 28 66 4 4 42 8 684 6 34 12 29 18 4
BASIC5000_0530 158 977 36 539 470 72 363 16 5 42 143 106 87 39 8 14 38 18 4
BASIC5000_0531 20 47 69 72 276 66 20 34 226 1338 42 236 217 72 20 28
BASIC5000_0532 20 44 66 12 160 831 29 31 28 699 740 1060 856 42 396 585 9 65 5 61 12 459 55 31 28
BASIC5000_0533 20 56 72 16 22 67 1149 36 22 16 36 9 35 10 38 8 31 28
BASIC5000_0534 628 298 20 34 59 20 38 12 34 59 127 97 110 72 508 12 22
BASIC5000_0535 305 814 72 446 71 38 4 35 37 73 37 73 727 10 32 33 14 38 18 4
BASIC5000_0536 441 1378 42 28 58 39 22 52 34 1382 1271 9 796 55 31 34 103 87 95 152 39 167 66 41 44 38 67 55 24 73 35 20 28
BASIC5000_0537 1456 752 42 1149 30 1150 9 815 1389 39 844 8 73 35 4 28
BASIC5000_0538 20 8 20 185 699 35 43 1189 1033 789 43 474 762 42 1203 1427 35 43 1128 937 39 212 5 16 36 9 273 746 68 20 686 474 42 1203 1427 42 713 39 1104 16 6 68 1393 36 4 6 44 470 214 28 30 9 1189 1033 789 72 350 12 1393 20 8 20 38 4 36 4 5 474 762 59 438 4
BASIC5000_0539 441 1379 42 28 58 574 66 43 273 958 35 10 38 8 31 28
BASIC5000_0540 117 146 152 569 708 43 1457 1455 1461 1456 544 39 632 31 34 12 68
BASIC5000_0541 20 15 56 30 60 73 72 218 1110 403 39 1288 6 39 1163 31 34 59 66 6 68
BASIC5000_0542 1296 512 22 68 37 16 70 8 36 34 59 779 20 8 31 28
BASIC5000_0543 20 28 4 16 36 42 273 746 68 1128 937 9 59 31 36 3 67 285 1359 42 3 55 67 38 4 994 201 933 839 72 779 20 57 16 36 9 273 746 68
BASIC5000_0544 5 9 4 1155 35 28 47 28 47 5 9 4 72 20 34 12 29 18 4
BASIC5000_0545 9 44 31 36 814 358 72 253 69 34 1270 72 1261 16 20 28
BASIC5000_0546 9 55 73 22 68 42 9 1377 20 4 42 43 574 42 552 72 1262 20 28 154 1336 18 35 3 68
BASIC5000_0547 914 1171 1101 43 26 42 175 620 39 498 272 20 65 5 36 20 28 9 890 1423 29 31 28
BASIC5000_0548 9 31 8 67 20 28 16 36 39 43 574 43 22 35 39 273 958 20 34 20 55 31 34 4 28
BASIC5000_0549 24 58 34 952 814 42 36 10 13 66 4 43 7 1330 72 42 55 38 4 13 66 4 42 275 283 72 652 32 52 10 29
BASIC5000_0550 207 860 18 73 43 1434 297 962 38 223 602 42 652 30 166 38 42 39 26 42 215 227 9 275 8 66 23 1128 275 72 454 55 38 4
BASIC5000_0551 1031 6 66 69 38 4 16 36 9 275 8 31 34 4 68 933 581 39 1255 381 72 20 34 43 4 14 38 4
BASIC5000_0552 692 668 767 9 640 1209 18 69 68 16 36 43 38 18 26 5 29
BASIC5000_0553 9 4 20 62 32 22 68 65 67 8 43 57 20 70 488 39 4 28 4
BASIC5000_0554 968 289 39 1292 31 28 1203 1427 42 16 36 9 574 42 588 39 441 10 12 547 9 31 28
BASIC5000_0555 1425 187 699 740 441 212 43 1216 29 8 980 31 34 4 55 22 8
BASIC5000_0556 185 714 129 108 145 42 1327 514 9 36 69 68 35 20 64 5 8
BASIC5000_0557 1003 1128 1270 43 140 152 123 81 152 72 153 552 59 1178 28 16 36 9 38 4
BASIC5000_0558 1136 9 1274 1177 20 441 311 42 167 484 9 846 39 643 15 273 18 69 28
BASIC5000_0559 332 1364 72 1321 14 34 477 254 39 933 10 68 42 9 933 472 740 1115 35 20 64 5 8
BASIC5000_0560 185 713 544 298 548 280 29 38 73 34 1188 31 34 59 1142 4 453 42 343 958 72 1412 5 29 14 35 22 65
BASIC5000_0561 354 71 10 1124 72 159 39 20 34 786 39 38 31 34 12 29 18 4
BASIC5000_0562 1136 43 167 308 377 254 377 72 167 24 28 55 55 825 826 20 28
BASIC5000_0563 1136 42 461 43 815 543 1076 42 363 16 5 51 36 1178 6 38 12 38 31 28
BASIC5000_0564 1136 39 167 31 34 4 68 175 43 869 69 68 36 4 5 266 1364 72 203 31 34 904 919 42 165 39 4 68 42 36 360 21 35 3 68
BASIC5000_0565 1136 35 695 1163 22 68 42 43 1271 35 695 1163 22 68 65 67 59 713 1353 9 8 8 68
BASIC5000_0566 209 264 8 42 692 278 727 72 75 135 144 83 39 835 689 20 28
BASIC5000_0567 433 72 1104 4 34 22 13 96 79 152 149 29 36 275 8 31 28
BASIC5000_0568 227 741 72 346 67 43 23 20 34 4 28 29 14 55 22 8
BASIC5000_0569 63 31 12 67 35 59 977 483 39 61 31 34 63 14 44 309 1238 39 43 309 32
BASIC5000_0570 813 933 935 151 934 777 935 72 365 58 34 92 133 42 8 18 72 91 149 119 87 110 316 22 68 789 393 42 185 580 42 533 423 628 1349 602 9 832 285 552 42 307 363 36 1354 1306 20 34 835 968 18 69 68
BASIC5000_0571 63 56 16 43 16 42 289 42 1461 731 39 470 214 713 192 42 341 184 36 1061 466 20 28
BASIC5000_0572 117 118 147 123 97 87 533 9 778 748 147 95 75 35 441 1328 201 42 153 32 35 22
BASIC5000_0573 1270 373 72 8 14 34 1105 308 72 483 1268 20 22 52 34 42 1228 496 480 42 588 39 881 72 36 59 20 34 12 69 55 20 28
BASIC5000_0574 646 800 20 38 4 35 856 55 22 693 832 43 3 67 55 22 8
BASIC5000_0575 63 6 39 1030 1106 42 1460 1455 119 152 99 149 110 9 1116 1109 39 346 31 34 192 71 66 69 68 351 1115 602 9 3 68
BASIC5000_0576 63 5 52 43 7 4 35 39 38 68 8 36 7 578 30 20 34 4 55 20 28
BASIC5000_0577 1409 484 39 498 22 68 313 1210 42 1382 1206 9 108 146 132 152 89 108 76 149 88 1327 42 166 1176 777 308 35 3 68
BASIC5000_0578 1039 876 39 1188 5 36 129 124 130 152 134 42 1221 888 43 1457 1455 162 1048 42 802 353 43 689 316 1168 1296 42 802 353 35 3 68 36 4 5 16 36 29
BASIC5000_0579 255 403 51 1163 12 65 67 59 57 20 70 307 906 403 39 1163 10 28 4
BASIC5000_0580 634 1164 580 574 452 42 489 620 43 595 693 39 363 8 31 34 4 68
BASIC5000_0581 153 968 35 185 735 43 574 9 730 1432 42 7 20 60 69 72 20 34 4 68 16 36 39 814 9 32 4 28
BASIC5000_0582 1340 42 83 152 108 149 9 142 152 147 106 119 441 1363 39 7 67 28
BASIC5000_0583 1340 43 898 20 34 8 66 601 39 269 333 20 34 892 10 72 253 69 68
BASIC5000_0584 1378 1385 72 321 275 20 42 15 68 65 5 39 128 149 85 72 176 396 425 68 52 10 29
BASIC5000_0585 117 107 83 115 98 133 36 111 124 115 98 133 43 948 38 68
BASIC5000_0586 820 4 1163 889 42 422 4 43 589 23 1128 275 39 1290 31 34 12 68
BASIC5000_0587 117 105 111 144 43 105 141 78 36 360 21 13 66 4 506 18 4 1440 35 22
BASIC5000_0588 1129 601 1382 422 9 574 452 72 441 601 11 35 748 183 39 1306 69 632 20 28
BASIC5000_0589 482 287 289 39 541 9 158 9 67 459 58 28 42 43 7 8 20 8 31 28
BASIC5000_0590 820 20 18 6 20 38 14 69 44 740 72 488 39 652 31 34 8 6 31 34 4 4
BASIC5000_0591 820 18 38 4 1359 67 16 42 740 72 652 30 537 31 34 59 4 4 35 22 65
BASIC5000_0592 994 201 962 38 1354 71 67 358 4 43 16 42 188 175 39 43 176 792 962 38 42 35 22
BASIC5000_0593 723 297 72 346 67 1077 55 68 42 43 680 551 42 1243 197 35 3 68
BASIC5000_0594 128 152 96 42 159 42 358 1189 1405 43 1085 67 1263 20 39 38 31 34 4 68
BASIC5000_0595 1457 184 42 470 214 42 1264 22 36 901 1183 42 544 39 1029 20 8 31 28
BASIC5000_0596 1405 26 42 59 42 42 53 5 9 1066 65 67 59 1432 215 35 22
BASIC5000_0597 786 39 38 31 34 56 68 36 26 42 127 106 111 43 36 34 59 495 588 407 9 65 8 31 28
BASIC5000_0598 327 1222 522 42 91 133 139 113 108 76 42 165 39 43 55 31 28 12 42 797 343 498 42 1161 1080 1354 216 42 119 103 152 149 9 1184 861 18 69 68 35 3 70 5
BASIC5000_0599 1405 9 547 4 42 43 1401 9 36 34 59 4 4 16 36 72 1167 20 34 4 68
BASIC5000_0600 928 175 201 43 846 437 42 652 30 763 72 679 769 22 68 16 36 72 823 1229 20 55 20 28
BASIC5000_0601 948 1221 9 38 14 69 44 16 16 35 201 72 1351 21 68 16 36 39 20 65 5
BASIC5000_0602 965 838 4 72 373 21 66 69 34 574 452 43 348 72 36 9 66 24 28
BASIC5000_0603 1203 56 43 29 4 28 4 39 7 4 34 446 683 29 31 28
BASIC5000_0604 940 602 9 457 39 4 70 4 70 38 175 72 1371 22 42 43 1353 1316 31 34 4 68
BASIC5000_0605 185 396 35 1003 43 176 552 113 139 152 142 152 87 39 1163 31 28 16 36 39 38 68
BASIC5000_0606 7 544 491 67 39 61 18 20 12 22 68 16 36 43 65 4 16 36 29
BASIC5000_0607 506 514 43 1460 1455 135 152 110 145 42 1353 1368 35 558 34 66 69 28
BASIC5000_0608 1312 373 39 932 73 21 68 12 66 4 38 66 1128 806 20 28 53 5 9 4 4
BASIC5000_0609 153 707 289 29 31 28 66 1424 61 146 97 110 143 149 61 952 1360 42 578 358 485 35 103 118 91 39 881 72 32 14 68 42 72 28 58 66 5 184 43 4 38 8 31 28 29 70 5
BASIC5000_0610 864 814 42 438 4 814 225 43 26 42 324 522 42 908 1138 35 22
BASIC5000_0611 483 72 1188 5 36 1003 1315 43 711 544 1061 466 20 55 20 28
BASIC5000_0612 153 711 699 232 891 1382 1271 42 165 35 574 452 36 273 201 31 28
BASIC5000_0613 731 724 55 35 39 16 42 188 175 72 1058 6 34 12 29 18 4
BASIC5000_0614 1203 20 34 56 68 36 75 146 106 87 97 43 328 39 906 55 41 72 20 34 4 68 42 35 43 38 4 16 36 9 71 8 31 28
BASIC5000_0615 483 59 1061 50 9 656 20 737 35 59 764 190 12 66 20 4
BASIC5000_0616 1096 544 1028 153 792 162 943 441 630 9 459 55 67 55 20 28
BASIC5000_0617 379 153 184 933 39 617 371 72 161 6 34 12 69 68 65 5 38 1141 1164 211 376 42 165 39 1092 20 4 184 933 36 1188 5 59 42 59 365 58 34 1100 6 68 175 39 65 31 34 1003 43 580 39 16 42 1301 693 59 38 4 1100 6 72 220 797 20 28 42 29 9 26 69 35 59 1003 9 504 1336 20 34 4 28 42 43 61 43 67 1092 35 3 31 28
BASIC5000_0618 705 1188 43 20 38 8 31 28 9 574 43 1003 9 390 72 32 4 34 4 68 36 721 39 53 42 58 8 20 28
BASIC5000_0619 168 9 347 1191 777 308 42 483 694 39 65 67 583 28 628 753 43 938 168 342 693 39 537 516 22 68 59 42 36 22 68
BASIC5000_0620 191 352 51 1163 31 34 36 73 54 1290 67 35 537 31 34 10 55 20 28
BASIC5000_0621 1003 185 699 43 36 31 34 59 545 24 38 814 275 38 42
BASIC5000_0622 519 983 61 1341 906 43 4 70 4 70 38 1389 35 1003 28 30 39 732 966 35 3 68
BASIC5000_0623 923 72 583 28 1446 1448 59 55 28 499 373 72 652 28 38 4 933 10 906 29 9 16 42 952 44 8 67 43 830 956 42 693 832 9 38 4
BASIC5000_0624 799 1163 165 39 8 44 73 8 66 968 72 1376 18 38 4 65 5 39
BASIC5000_0625 814 475 432 441 38 1189 942 59 4 4 14 69 37 55 23 43 1128 275 42 1264 245 72 401 58 68 16 36 8 66 459 58 34 53 20 4 65
BASIC5000_0626 228 184 36 4 5 59 42 43 1142 4 1396 39 1143 303 20 28 184 9 438 4
BASIC5000_0627 735 702 12 184 72 1193 381 22 68 42 43 993 243 39 343 22 68
BASIC5000_0628 1328 588 35 43 1432 517 121 145 9 1378 580 42 28 14 42 16 42 65 5 39 428 6 34 4 68
BASIC5000_0629 735 699 692 1104 39 43 26 42 113 139 152 97 43 1277 31 34 4 38 4
BASIC5000_0630 1003 734 73 35 28 407 205 72 634 39 253 69 68 16 36 9 35 10 38 8 31 28
BASIC5000_0631 334 72 1149 36 18 38 4 65 5 39 814 72 32 14 38 18 4
BASIC5000_0632 1003 733 1228 480 9 459 1058 441 1065 1400 42 1270 1285 72 401 58 34 4 28
BASIC5000_0633 436 423 42 748 183 43 352 1410 39 1178 1133 71 69 61 22 4
BASIC5000_0634 347 190 35 253 1360 42 634 1069 10 72 20 34 12 29 18 4
BASIC5000_0635 933 906 474 1101 43 672 446 43 852 287 29 36 166 565 20 34 4 68
BASIC5000_0636 692 1104 39 65 69 44 748 183 9 162 943 35 59 31 36 59 933 839 1248 9 1432 4 26 5 29
BASIC5000_0637 968 72 36 21 68 8 1351 21 38 4 5 30 39 1003 43 975 31 34 20 55 31 28
BASIC5000_0638 165 445 1076 39 7 4 35 42 7 484 781 43 792 42 1424 35 7 167 67 670 6 12 29 18 4
BASIC5000_0639 22 66 22 66 1188 6 68 65 5 39 38 68 55 35 16 42 689 72 721 1192 20 38 18 4
BASIC5000_0640 22 67 859 66 22 42 43 95 152 107 35 43 38 12 1391 39 20 70
BASIC5000_0641 22 68 36 93 145 43 506 18 38 124 144 85 42 91 106 125 72 652 31 34 799 10 396 67 55 20 28
BASIC5000_0642 22 73 44 66 20 4 457 29 20 22 73 44 66 20 4 807 1183 29
BASIC5000_0643 495 65 5 36 20 28 36 16 70 51 574 8 66 1382 1206 9 8 8 31 34 10 28
BASIC5000_0644 495 68 289 39 705 8 67 72 848 22 42 72 591 69 38 4 65 5 39
BASIC5000_0645 1018 862 55 35 37 42 12 66 4 8 8 68 36 599 4 55 22 8
BASIC5000_0646 195 186 573 9 20 31 8 67 20 34 4 68 36 346 67 561 10 9 97 134 152 98 39 1163 12
BASIC5000_0647 506 1378 42 36 10 43 234 43 573 39 1022 32 9 404 984 1358 67 42 36 10 43 53 36 73 37 573 39 1022 28 38 4
BASIC5000_0648 634 59 36 39 3 68 37 42 65 5 38 798 393 72 935 4 34 59 80 77 98 36 1356 5 589 1176 9 3 68
BASIC5000_0649 952 1360 42 580 70 39 3 68 3 42 558 906 43 38 73 35 22 8
BASIC5000_0650 634 72 838 31 34 20 55 31 28 66 16 16 51 7 4 35
BASIC5000_0651 817 1069 962 38 488 72 59 28 38 8 31 28 8 66 1412 1045 42 28 58 42 211 906 72 766 416 22 68 16 36 9 38 8 31 28
BASIC5000_0652 1382 882 42 958 705 43 80 96 101 149 39 65 68 36 18 69 34 4 68
BASIC5000_0653 612 296 42 740 1255 43 981 1078 506 1214 42 26 69 36 360 21 65 5 39 26 42 1152 1156 35 3 68
BASIC5000_0654 721 1450 42 7 5 21 36 43 611 1435 42 16 36 35 3 68
BASIC5000_0655 20 64 31 30 62 5 1453 72 8 73 35 4 38 14 69 44 38 67 55 24 73
BASIC5000_0656 1258 73 409 9 845 782 42 165 35 54 30 60 54 30 60 61 31 34 4 28
BASIC5000_0657 1456 275 29 31 34 53 54 1459 131 149 111 8 8 68 73 29 8 66
BASIC5000_0658 402 813 1073 933 934 43 153 402 42 1239 36 93 152 121 97 72 1241 542 215 227 35 861 31 28 1073 933 934 1432 35 3 68
BASIC5000_0659 984 843 35 4 70 73 38 1236 72 651 5 42 43 483 39 779 20 4
BASIC5000_0660 481 1290 67 22 68 96 79 106 110 91 152 97 103 152 39 167 31 28 66 814 652 30 611 12 38 31 30 60 31 28
BASIC5000_0661 708 330 4 39 65 68 36 574 452 36 242 43 3 55 67 970 602 9 65 12 38 4 65 5 29
BASIC5000_0662 976 43 634 72 1178 778 58 583 68 9 588 55 35 43 1178 778 58 583 38 4
BASIC5000_0663 833 9 26 42 130 152 110 72 1415 56 1286 73 35 20 55 31 28
BASIC5000_0664 442 891 1250 866 43 890 1359 39 472 406 22 68 71 14 35 43 38 4
BASIC5000_0665 293 994 1349 39 65 68 36 201 994 43 4 55 29 39 437 402 42 201 994 8 66 447 1049 72 59 66 31 34 4 38 4
BASIC5000_0666 630 174 9 402 42 1250 866 36 303 240 297 72 212 4 753 28 20 34 20 55 31 28
BASIC5000_0667 833 42 1393 42 189 43 209 153 32 1104 16 6 38 8 31 28
BASIC5000_0668 906 215 43 477 12 38 68 37 16 70 8 1432 12 38 68 44 8 67 29 31 28
BASIC5000_0669 890 691 35 26 16 39 1425 1271 20 34 43 4 14 55 24 73
BASIC5000_0670 941 72 3 15 34 746 1193 1101 72 588 8 66 795 1288 20 28
BASIC5000_0671 1215 56 28 4 36 599 5 740 72 37 69 35 59 7 346 67 159 18 4
BASIC5000_0672 417 740 145 152 145 72 474 73 35 20 55 6 44 26 42 90 152 134 43 1039 328 35 22
BASIC5000_0673 1262 908 601 42 27 56 43 46 8 67 65 67 1304 12 1260 68
BASIC5000_0674 459 58 43 26 69 72 1039 328 38 175 29 36 599 4 55 20 28
BASIC5000_0675 955 24 68 39 43 1313 1331 38 691 1412 72 20 38 4 36 4 14 38 4 36 599 31 34 4 68 184
BASIC5000_0676 616 241 297 43 22 52 34 42 689 705 42 764 740 35 3 68
BASIC5000_0677 1074 43 118 77 82 144 149 9 158 634 29 36 4 5 42 43 740 568 35 22 8
BASIC5000_0678 1074 42 1064 811 35 43 16 42 1386 4 83 152 108 149 36 1218 374 20 38 4 29 70 5
BASIC5000_0679 1041 42 1440 39 815 36 6 18 72 55 4 39 30 61 68 65 5 39 20 34 12 29 18 4
BASIC5000_0680 7 807 18 73 43 890 617 1226 39 774 470 72 32 8 73 29
BASIC5000_0681 798 1373 43 347 8 67 1323 444 43 347 8 66 38 4 36 599 31 34 4 28 9 1061 753 43 1299 29 31 28
BASIC5000_0682 1437 43 26 42 1161 39 1413 6 28 804 590 18 35 611 361 1432 4
BASIC5000_0683 977 906 38 73 34 544 39 153 396 20 8 10 55 24 73
BASIC5000_0684 376 906 9 507 38 4 36 10 39 43 434 67 634 9 732 284 29
BASIC5000_0685 1007 813 43 841 69 72 628 20 34 26 42 402 39 253 31 28
BASIC5000_0686 17 326 297 39 498 20 3 66 8 21 58 7 993 72 939 20 158 15 55 22
BASIC5000_0687 1391 72 1120 4 35 8 66 488 39 43 4 31 34 12 29 18 4
BASIC5000_0688 289 731 195 28 9 4 20 34 194 746 83 146 149 39 43 201 31 34 4 38 4
BASIC5000_0689 299 1156 248 933 43 338 544 3 38 28 42 248 933 35 20 28 8
BASIC5000_0690 474 403 1000 43 746 1308 1163 71 69 68 16 36 39 38 31 34 4 68
BASIC5000_0691 1312 1274 22 68 36 10 43 4 12 66 835 617 20 34 59 20 22 11 68 16 36 43 3 67 55 24 73
BASIC5000_0692 633 59 3 70 5 39 136 149 92 145 35 232 891 574 452 39 273 201 31 28
BASIC5000_0693 714 544 39 38 31 34 26 42 14 30 43 814 289 9 65 12 38 31 28
BASIC5000_0694 1456 1059 42 634 1169 9 103 87 95 152 42 165 39 591 69 34 3 31 28
BASIC5000_0695 436 77 86 144 97 35 43 735 1459 713 17 70 39 699 9 704 68
BASIC5000_0696 692 748 183 402 1369 1018 862 8 66 748 183 39 1163 12 693 832 36 20 34 43 280 1271 61 144 134 96 149 118 97 9 3 67 55 22
BASIC5000_0697 983 1072 1338 1070 72 958 1178 18 69 28 423 358 1411 685 1357 796 42 28 58 983 1072 42 1327 275 72 815 39 878 66 20 34 121 113 152 145 1169 39 315 56 477 254 72 991 218 20 34 159 18 4
BASIC5000_0698 343 498 939 20 158 15 68 32 59 67 43 254 891 38 8 31 28 42 35 22
BASIC5000_0699 1020 1369 39 553 31 28 53 5 9 65 12 3 67 55 24 73 8
BASIC5000_0700 262 562 470 36 43 535 36 495 1412 72 36 59 39 20 3 66 63 68 798 1164 42 116 78 117 78 36 1006 202 72 202 6 68 285 552 29
BASIC5000_0701 25 4 25 4 1188 4 38 9 66 59 814 358 72 4 69 34 1260 67 1069 14 68
BASIC5000_0702 533 437 510 947 1457 1456 1458 42 1459 1463 1461 152 1457 1459 1458 1460 35 22
BASIC5000_0703 7 176 184 42 545 24 36 17 1082 760 72 995 67 55 22
BASIC5000_0704 7 177 4 39 3 66 18 9 20 72 22 68 42 43 61 58 55 20 64 5 65
BASIC5000_0705 1112 954 42 16 36 35 320 1101 39 1198 34 59 66 4 28 4
BASIC5000_0706 7 442 814 9 1137 8 31 28 42 35 1325 437 72 685 799 20 28
BASIC5000_0707 501 285 680 830 39 65 68 676 1329 42 159 35 1087 42 38 4 184 2 9 533 813 785 72 292 450 18 69 28
BASIC5000_0708 176 1273 42 960 4 488 9 1314 72 43 18 73 35 363 10 358 31 34 1022 31 34 4 68
BASIC5000_0709 1001 893 22 68 28 58 39 37 73 38 693 832 72 212 4 55 20 28 8
BASIC5000_0710 25 46 746 34 12 69 68 65 5 39 1403 73 29 9 574 43 746 38 8 31 28
BASIC5000_0711 30 55 28 35 43 77 149 103 152 115 106 110 38 68 59 42 9 43 61 31 34 4 55 22
BASIC5000_0712 351 1033 361 1202 8 160 351 1033 361 1202 8 37 30 66 8 72 582 6 34 68 1167 926 72 1457 32 727 14
BASIC5000_0713 407 205 42 28 58 574 43 26 5 22 68 16 36 9 35 10 28
BASIC5000_0714 1447 20 42 341 65 1003 39 36 31 34 3 38 28 43 817 1317 39 1142 4 42 29
BASIC5000_0715 1222 1194 235 42 1248 935 43 637 31 34 4 28 29 10 55 22
BASIC5000_0716 1176 22 68 39 103 77 132 149 309 1238 38 73 29 14 37 26 42 1203 358 262 489 43 538 184 35 43 1100 6 66 69 38 4 53 37 42 1432 146 127 145
BASIC5000_0717 488 2 43 7 177 4 39 1289 190 4 34 28 31 34 4 68
BASIC5000_0718 1176 43 574 452 9 153 184 35 490 1404 72 20 65 5 36 20 38 4 16 36 35 3 68
BASIC5000_0719 1087 42 617 1226 9 574 42 1406 39 43 43 31 10 67 926 69 34 4 68
BASIC5000_0720 124 103 43 3 68 908 602 72 184 1353 36 257 732 20 34 4 68
BASIC5000_0721 437 9 5 68 18 8 31 28 42 35 65 12 975 69 38 8 31 28
BASIC5000_0722 1382 219 72 958 705 20 28 42 43 1216 29 8 980 31 34 4 55 22 8
BASIC5000_0723 1317 1265 1376 604 618 72 20 28 16 36 43 3 67 55 22 8
BASIC5000_0724 7 404 934 39 321 275 38 59 42 72 1246 5 29 14 42 321 275 38 713 1353 9 3 67 55 22 8
BASIC5000_0725 634 580 69 39 38 66 38 4 5 30 39 589 1176 38 666 1088 72 346 68 52 10 35 22
BASIC5000_0726 730 441 1359 39 1420 970 36 4 5 785 297 72 284 935 20 1128 530 42 218 1270 42 889 39 284 935 22 68 85 107 115 42 65 5 39 23 68 1253 4 1420 970 39 1178 6 34 12 68
BASIC5000_0727 1188 437 42 617 371 1215 56 36 66 38 14 69 44 4 14 38 4
BASIC5000_0728 1365 814 9 494 12 38 68 39 32 69 34 574 42 260 358 9 55 22 55 22 611 12 38 31 28
BASIC5000_0729 974 937 1092 36 1206 20 34 4 68 452 42 470 43 1003 42 456 35 22
BASIC5000_0730 926 573 8 66 561 1296 20 28 184 43 1264 9 1317 42 12 59 42 29
BASIC5000_0731 1317 1267 43 68 44 68 1178 1297 67 39 746 34 12 29 18 68 36 43 38 73 36 17 1183 276 38 73 35 20 64 5
BASIC5000_0732 1221 689 43 338 544 42 65 67 1349 8 31 28 9 686 184 42 474 933 43 38 73 36 8 20 158 15 28
BASIC5000_0733 1228 1327 59 31 36 1228 480 72 643 253 35 10 68 65 5 39 38 68 55 35 43 175 620 72 1167 39 273 18 38 4 65 5 39 20 28 55 6
BASIC5000_0734 890 1340 986 39 568 28 68 59 568 28 66 40 59 56 38 1312 373 29
BASIC5000_0735 178 1326 43 1183 276 39 59 1003 72 952 1360 51 1306 69 34 1163 31 34 12 69 28
BASIC5000_0736 682 273 18 69 34 43 21 58 34 574 452 43 1412 52 28
BASIC5000_0737 574 452 39 441 603 629 72 18 24 66 69 28 24 4 35 16 42 470 42 436 200 56 42 173 482 43 254 1327 7 21 60 73 39 38 31 34 20 55 31 28 73 35 22 65
BASIC5000_0738 502 806 18 69 28 713 26 42 1228 480 43 1388 947 29 31 28
BASIC5000_0739 630 309 402 43 683 630 402 39 1223 374 745 196 72 653 193 20 28
BASIC5000_0740 611 1312 1069 10 36 4 5 968 39 3 31 28 42 35 1003 42 1239 934 43 28 30 37 16 70 39 32 4 6 18 31 34 20 55 31 28
BASIC5000_0741 749 179 1261 803 396 933 42 1299 1274 865 424 93 142 112 143 129 152 134 143 149
BASIC5000_0742 1213 31 34 364 42 634 1051 72 1352 500 20 28 16 36 72 1195 20 34 159 18 4
BASIC5000_0743 707 1003 9 1142 8 31 28 36 10 39 43 808 699 699 1192 72 32 14 34 4 28 59 42 29
BASIC5000_0744 1458 731 42 1058 71 67 39 1003 28 30 43 1061 466 22 68 32 59 67 35 22
BASIC5000_0745 503 746 209 9 1261 16 68 8 72 980 68 16 36 43 273 746 38 4
BASIC5000_0746 1420 1328 85 84 144 35 630 1356 9 1069 12 165 145 148 149 104 42 343 680 551 311 297 43 327 39 363 8 31 34 678 311 72 566 58 34 4 55 22
BASIC5000_0747 93 94 80 43 1128 275 42 1382 1206 947 355 72 591 69 34 44 8 67 4 68 73 29 8 66
BASIC5000_0748 738 746 42 16 36 72 37 5 20 34 26 73 38 39 779 1184 35 10 68 73 35 22 8
BASIC5000_0749 561 1296 20 28 66 210 933 72 936 1132 35 1313 17 20 28 4
BASIC5000_0750 584 504 901 42 803 39 1225 73 35 375 613 42 617 72 1167 20 55 22
BASIC5000_0751 1317 624 38 12 1003 42 1283 727 72 212 31 34 12 29 18 4
BASIC5000_0752 93 78 96 75 143 121 75 43 983 829 39 1388 538 39 608 55 69 34 4 68
BASIC5000_0753 93 77 149 9 848 6 68 55 35 7 103 118 91 43 17 1317 624 159 18 4
BASIC5000_0754 1310 69 34 61 31 34 12 68 42 43 4 8 39 59 574 42 61 67 26 5 38 16 36 29 31 28
BASIC5000_0755 1207 20 12 1214 705 20 34 4 68 713 1353 9 3 67 55 24 73
BASIC5000_0756 518 1263 6 42 1314 43 915 12 20 8 59 601 314 1329 29 31 28
BASIC5000_0757 634 727 10 29 31 28 42 35 26 42 634 1051 43 3 55 67 1215 56 61 22 12 38 8 31 28
BASIC5000_0758 337 20 4 926 483 8 66 1317 12 1376 69 34 722 66 20 34 4 68 184 59 4 68
BASIC5000_0759 684 1005 727 72 1351 21 34 1003 42 1188 5 16 36 72 1104 10 38 18 4
BASIC5000_0760 1301 158 402 35 43 244 69 28 641 1164 1101 9 160 1264 20 34 4 68
BASIC5000_0761 716 814 9 22 13 39 396 585 22 68 36 4 4 42 35 22 9
BASIC5000_0762 479 684 43 1128 723 1128 769 39 38 31 28 1007 813 1315 72 375 69 73 35 300 14 72 161 6 28
BASIC5000_0763 43 69 9 561 12 55 35 209 699 12 66 4 8 8 67 55 22 8
BASIC5000_0764 43 68 8 580 693 42 815 543 1076 42 158 39 443 1365 9 42 54 31 28
BASIC5000_0765 43 66 71 28 42 895 6 12 67 1290 68 599 4 72 20 28
BASIC5000_0766 1301 165 35 118 97 9 681 1370 20 28 42 35 474 762 51 1260 31 34 4 31 28
BASIC5000_0767 790 42 165 35 1416 71 69 68 36 470 37 59 72 934 55 38 4 307 906 59 4 68
BASIC5000_0768 757 1306 967 245 201 1349 9 1113 197 42 489 950 35 1307 657 18 69 55 20 28
BASIC5000_0769 1426 2 20 4 1393 779 72 1104 12 36 123 146 106 111 43 1401 39 12 68 73 29
BASIC5000_0770 873 1214 1101 43 49 73 27 67 1290 31 34 1223 418 39 253 31 34 4 31 28
BASIC5000_0771 544 921 39 670 1033 22 68 36 16 42 395 324 736 42 428 299 43 1459 119 152 99 149 110 42 628 1349 39 38 68
BASIC5000_0772 341 184 43 628 936 72 28 31 34 119 144 39 363 8 31 28
BASIC5000_0773 339 1229 1360 43 37 73 38 677 797 767 59 1302 18 38 12 34 59 780 71 38 4 65 5 35 22
BASIC5000_0774 230 364 36 110 113 152 364 36 35 43 37 30 66 9 702 12 1260 67 55 22 8
BASIC5000_0775 680 551 43 77 149 123 146 642 285 39 301 297 22 52 10 29
BASIC5000_0776 1388 723 297 166 1094 1101 42 132 117 110 143 151 84 149 96 152 43 1456 1463 1464 1461 544 39 933 55 69 28
BASIC5000_0777 1146 42 1349 12 204 47 34 4 68 633 72 653 18 20 34 4 4 55 20 28
BASIC5000_0778 44 8 44 8 20 4 36 20 8 1188 4 65 5 9 38 4
BASIC5000_0779 126 121 42 16 36 72 1100 6 68 29 14 35 574 452 42 1406 43 1386 12 38 68
BASIC5000_0780 529 441 38 103 149 83 152 9 32 4 39 185 20 693 273 862 20 28
BASIC5000_0781 852 439 108 146 121 35 83 78 130 152 77 42 709 942 72 1178 55 20 28 8
BASIC5000_0782 803 208 72 1186 290 20 28 1061 753 1062 806 36 282 705 20 28
BASIC5000_0783 1116 1109 275 43 859 66 20 28 53 5 9 4 4 35 22 41
BASIC5000_0784 789 1354 1271 43 1349 4 1241 906 1271 42 280 72 561 31 565 31 34 1260 31 34 4 28
BASIC5000_0785 568 713 43 70 5 3 1101 28 30 42 28 58 42 474 762 43 153 32 59 38 8 31 28
BASIC5000_0786 1188 6 36 4 5 38 66 1188 4 55 22 9 875 942 72 1215 57 42 43 55 31 28 12 713 1353 42 890 1423 35 3 68
BASIC5000_0787 619 1224 42 814 652 30 72 584 202 6 20 28 4 42 35 22
BASIC5000_0788 1188 4 32 14 37 7 67 39 20 38 14 69 44 38 66 38 4
BASIC5000_0789 437 1042 43 54 26 54 26 20 34 4 34 699 740 184 42 348 39 43 358 71 38 4
BASIC5000_0790 185 726 26 73 38 16 36 72 1188 31 28 699 39 60 881 39 829 72 835 13 16 36 39 38 68 29 14 29 65
BASIC5000_0791 442 225 42 4 8 73 39 8 8 71 66 23 1424 51 1288 6 39 339 67 55 22
BASIC5000_0792 1188 1211 9 37 42 65 5 39 459 55 31 28 8 39 32 4 34 43 4 12 32 59 665 1221 43 3 68 9 483 43 29 69 59 3 55 67 980 66 38 4
BASIC5000_0793 7 993 42 939 20 158 15 65 5 59 17 19 4 55 24 73
BASIC5000_0794 702 1261 10 22 69 44 26 69 29 14 59 31 36 814 275 9 1137 12 38 68 29 70 5
BASIC5000_0795 692 253 994 377 43 281 58 34 42 446 683 72 5 55 12 4 4 40 14 28
BASIC5000_0796 514 764 9 987 672 20 28 488 43 185 35 43 220 928 9 478 172 20 34 4 68
BASIC5000_0797 1107 241 942 72 727 12 867 235 36 20 34 1003 42 341 1315 43 498 1235 72 65 12 1184 496 22 68 28 58 42 267 974 72 827 518 674 68
BASIC5000_0798 335 1406 890 606 36 43 55 18 39 3 4 32 42 16 36 29
BASIC5000_0799 1358 339 22 68 12 66 4 38 66 803 73 29 693 9 55 20 29
BASIC5000_0800 165 39 209 9 253 31 34 4 68 42 8 1003 39 275 8 68 65 5 39 118 106 88 72 1352 14 34 12 29 18 4
BASIC5000_0801 173 1357 664 1010 72 347 14 34 4 8 38 10 60 4 14 38 4
BASIC5000_0802 917 43 721 1355 35 59 968 9 1178 6 68 1115 297 72 652 31 34 4 68
BASIC5000_0803 659 777 9 1058 71 68 36 22 13 39 574 66 43 684 485 8 66 1260 67 273 28
BASIC5000_0804 589 23 111 75 39 1348 72 661 14 68 65 5 39 20 34 159 18 4
BASIC5000_0805 1319 50 52 10 43 28 29 1456 32 628 298 8 803 8 42 4 23 69 8
BASIC5000_0806 721 165 784 1054 59 1137 4 14 69 37 26 70 26 70 1061 1221 72 273 20 34 12 69 38 4 8 41
BASIC5000_0807 244 69 28 684 1110 42 215 227 43 1338 1343 35 43 43 8 69 38 4
BASIC5000_0808 378 39 634 72 3 34 34 1451 31 34 4 70 36 358 400 22 68
BASIC5000_0809 399 1377 72 276 67 646 14 66 69 28 42 43 97 133 97 18 73 42 7 8 15 29
BASIC5000_0810 917 9 803 73 29 713 104 77 75 112 43 1345 170 912 620 39 38 31 28
BASIC5000_0811 588 1329 20 38 4 35 7 289 42 1389 224 43 1178 68 8 66
BASIC5000_0812 17 504 901 42 17 1303 338 39 498 20 1225 73 35 375 613 42 617 72 1167 20 55 22
BASIC5000_0813 254 762 933 581 9 692 20 4 1179 288 39 343 498 20 34 4 68
BASIC5000_0814 111 152 145 9 1302 219 125 147 110 91 145 42 780 628 72 435 6 68 16 36 43 617 400 20 34 4 38 8 31 28 36 4 5 16 36 39 835 617 22 52 10 35 3 68
BASIC5000_0815 384 47 42 833 43 1186 10 679 28 69 28 1003 42 588 72 872 5
BASIC5000_0816 224 69 28 737 9 1324 1435 39 38 31 34 1003 43 1271 72 1271 554 8 66 273 24 38 8 31 28
BASIC5000_0817 1198 691 43 320 1101 39 197 24 38 14 69 44 38 67 55 24 73
BASIC5000_0818 1401 954 9 20 28 42 35 75 97 122 144 149 72 1457 1344 1415 73 29
BASIC5000_0819 111 147 95 152 43 574 39 22 44 66 20 4 1257 67 906 72 1257 31 28
BASIC5000_0820 111 146 97 9 425 67 28 34 42 128 149 85 9 32 4 34 68 65
BASIC5000_0821 111 143 77 121 149 88 97 87 152 145 39 1163 31 34 4 55 22
BASIC5000_0822 111 145 128 106 88 42 617 371 43 566 4 402 39 32 14 36 4 5 16 36 35 22
BASIC5000_0823 111 144 97 43 56 73 38 42 814 652 30 72 1100 6 34 3 15 68
BASIC5000_0824 553 31 34 56 68 36 26 42 774 470 9 588 407 65 4 42 9 71 8 31 28
BASIC5000_0825 263 72 111 145 39 729 6 34 12 69 68 1342 1163 9 3 67 55 22 8
BASIC5000_0826 111 106 125 143 152 304 753 43 55 28 153 1135 39 249 36 679 502 80 115 145 86 152 39 7 4 34 59 1178 66 69 68
BASIC5000_0827 111 112 145 111 43 189 184 42 611 348 72 1188 5 184 43 454 10 35 38 4
BASIC5000_0828 1138 2 1316 31 28 573 294 9 1352 8 69 34 4 68 16 36 72 452 602 28 30 43 185 980 67 459 58 34 4 68
BASIC5000_0829 454 10 38 184 38 66 1216 39 35 59 26 69 72 3 15 38 18 4
BASIC5000_0830 1314 1267 72 786 691 22 68 713 43 814 72 190 14 38 18 4
BASIC5000_0831 948 1229 9 38 8 31 28 42 35 574 66 43 26 42 1189 942 72 1309 58 28
BASIC5000_0832 483 407 43 928 1221 36 360 781 39 441 276 35 3 68 9 71 69 71 69 43 928 1221 72 1336 73 21 483 407 72 1275 73 23 68 238 363 9 3 68
BASIC5000_0833 475 481 1411 1163 431 28 30 9 890 175 39 632 31 28 42 35 184 2 43 384 73 29
BASIC5000_0834 454 56 39 32 4 34 1214 705 22 68 16 36 43 35 10 38 4
BASIC5000_0835 160 477 38 713 59 8 38 67 3 31 28 9 1061 510 43 254 34 9 5 55 12 4 31 28
BASIC5000_0836 1138 814 65 67 1412 4 814 8 66 43 26 70 26 70 325 777 20 34 59 4 4 7 544 1396 29 36 599 5 14 37 41
BASIC5000_0837 1092 718 470 43 55 68 35 1128 275 1128 1270 9 317 778 51 1163 31 34 746 28 8 42 65 5 38 348 50 67 29
BASIC5000_0838 923 452 43 574 72 1178 34 1025 71 23 39 4 66 69 38 8 31 28
BASIC5000_0839 988 1241 42 215 227 43 212 71 69 28 1338 516 42 1336 18 39 65 31 34 823 55 31 28
BASIC5000_0840 1450 936 506 474 762 35 43 823 58 66 69 28 713 287 39 1375 55 31 34 1375 398 959 762 20 55 22
BASIC5000_0841 439 1456 1455 713 194 1358 39 184 39 1382 1206 22 68 39 43 1321 14 68 52 10 29
BASIC5000_0842 213 39 65 31 34 574 452 43 55 28 713 1353 1302 67 39 43 926 71 69 38 8 31 28
BASIC5000_0843 913 814 42 912 620 42 18 4 39 382 611 72 319 283 18 24 65 5 36 20 34 59 890 1423 35 3 68
BASIC5000_0844 162 42 165 39 1050 583 35 10 68 59 42 38 73 34 38 4 65
BASIC5000_0845 506 522 248 933 43 735 1412 580 28 44 16 72 1456 733 366 31 28
BASIC5000_0846 926 423 39 43 574 39 160 284 38 1199 650 376 43 209 59 38 8 31 28
BASIC5000_0847 213 6 44 3 38 28 42 65 5 38 1142 4 184 28 30 9 16 42 188 175 39 43 589 1176 29
BASIC5000_0848 1294 470 42 452 42 470 43 22 22 67 834 10 20 38 9 66 361 289 72 1188 31 34 4 28
BASIC5000_0849 1319 654 319 42 1178 969 20 42 1203 56 43 343 498 42 429 39 50 30 3 28 67 55 20 28
BASIC5000_0850 273 815 42 1170 486 43 1456 1455 1455 1455 155 111 145 39 1315 20 34 4 68
BASIC5000_0851 452 1172 20 34 4 68 80 111 72 616 241 20 34 17 66 73 65
BASIC5000_0852 592 20 12 38 4 36 10 39 4 32 8 7 1193 41 159 18 4
BASIC5000_0853 437 1327 8 66 42 405 297 9 55 22 55 22 566 12 38 31 34 10 34 4 68
BASIC5000_0854 209 552 59 209 552 59 1238 14 28 3 36 35 32 4 39 574 43 1358 339 20 28
BASIC5000_0855 160 307 934 42 215 765 9 699 740 35 43 948 538 38 53 37 39 1432 1429 20 34 10 28
BASIC5000_0856 808 544 710 39 38 68 36 555 39 273 68 42 72 779 20 56 39 20 34 4 68
BASIC5000_0857 933 580 1461 8 731 42 607 470 39 800 9 933 6 8 8 31 34 4 55 22
BASIC5000_0858 289 162 1048 42 165 1396 55 35 699 740 9 500 558 402 488 35 3 31 28 16 36 43 65 12 20 66 69 34 4 68
BASIC5000_0859 933 581 28 30 43 12 29 66 38 4 1255 381 35 248 933 72 399 66 24 28
BASIC5000_0860 1136 936 812 9 692 252 39 299 71 68 8 37 5 8 43 482 8 35 43 38 4
BASIC5000_0861 17 1255 381 42 888 39 1354 20 34 43 1188 5 52 10 16 36 43 38 39 59 3 67 55 24 73
BASIC5000_0862 1048 245 289 1462 1462 1461 544 730 281 42 82 144 149 122 106 87 1024 641 441 201 43 86 144 95 137 184 42 166 999 100 78 97 72 28 28 6 68 28 58 82 144 149 131 97 518 42 49 59 36 35 1352 236 18 69 28
BASIC5000_0863 594 910 117 105 255 42 241 43 858 1232 1424 289 39 1022 31 34 4 68
BASIC5000_0864 692 994 1349 43 201 994 42 208 1255 72 419 401 38 59 42 39 211 67 158 15 28
BASIC5000_0865 584 1043 739 38 59 42 35 22 9 1003 42 1128 1274 1271 72 7 212 4 12 29 18 4
BASIC5000_0866 167 31 346 67 911 184 43 1457 1455 1455 155 111 145 42 1270 42 192 1338 72 1176 819 20 28
BASIC5000_0867 7 162 1206 39 38 31 28 254 34 42 693 2 39 7 993 42 1188 1150 72 1293 52 28 4 36 599 4 55 22
BASIC5000_0868 762 1132 9 254 892 20 28 36 4 5 980 66 24 43 22 13 39 941 165 39 202 71 31 28
BASIC5000_0869 1460 801 738 865 42 506 184 43 253 423 690 43 1176 67 55 24 73
BASIC5000_0870 167 24 66 69 68 42 43 1456 1455 1455 85 147 9 132 106 87 97 35 22
BASIC5000_0871 266 1364 72 20 38 14 69 44 209 59 634 39 253 66 38 4
BASIC5000_0872 248 1049 9 3 67 55 22 42 35 804 596 38 9 66 17 649 578 39 593 21 8 41 55 22
BASIC5000_0873 506 410 1271 42 124 152 134 43 1058 71 70 5 36 20 34 4 68
BASIC5000_0874 273 881 42 1369 43 22 13 39 1456 1456 1464 947 39 1382 1206 20 38 14 69 44 38 66 38 4
BASIC5000_0875 754 43 20 38 31 28 14 37 645 69 43 20 38 8 31 28
BASIC5000_0876 968 9 1181 58 34 56 68 36 1379 9 1358 31 34 4 28
BASIC5000_0877 180 937 1092 30 60 73 42 1264 9 828 1410 42 896 67 72 347 14 34 4 28
BASIC5000_0878 1399 401 39 38 66 23 184 36 195 1137 12 22 68 16 36 35 22
BASIC5000_0879 1335 1291 39 1214 832 36 43 472 21 55 22 9 320 1101 59 1001 893 18 69 28 53 5 9 65 70 20 4 42 35 43 38 4 35 20 64 5 8
BASIC5000_0880 968 32 10 35 3 38 28 9 1124 72 1022 34 28 36 4 5 16 36 9 71 8 68
BASIC5000_0881 968 39 1178 6 68 1285 67 1337 336 43 974 31 960 29 31 28
BASIC5000_0882 968 42 513 12 1359 67 1449 944 194 437 43 209 59 1178 6 38 8 31 28
BASIC5000_0883 824 1271 43 599 31 34 4 28 53 37 853 73 35 4 38 8 31 28
BASIC5000_0884 1432 1405 376 42 227 159 15 38 37 36 10 69 4 17 36 72 4 31 34 59 1061 510 42 36 16 70 692 848 1248 1009 51 42 1410 568 28 67 72 374 66 15 68 348 483 39 22 11 38 4
BASIC5000_0885 406 945 513 39 435 726 9 3 31 28 67 738 29 39 435 726 513 72 668 273 18 69 34 4 38 4 693 43 1129 601 668 273 1395 10 55 22 65 5 7 1407 4 20 55 22
BASIC5000_0886 400 208 44 8 67 441 10 4 8 66 386 391 566 26 5 29 9 483 1369 386 391 564 4 29 70
BASIC5000_0887 42 37 42 634 1164 43 574 42 1111 886 42 396 585 39 43 573 29 31 28 9 634 1164 42 1061 753 574 42 433 43 273 38 12 38 31 34 20 55 31 28
BASIC5000_0888 42 42 20 67 42 1188 1150 9 574 42 348 72 32 4 34 273 34 10 28
BASIC5000_0889 1122 713 1189 43 37 16 39 59 1178 32 8 66 38 8 31 28
BASIC5000_0890 131 105 36 136 91 43 910 506 514 39 253 31 34 4 68 14 37 580 42 910 43 555 35 1311 73 35 4 68
BASIC5000_0891 131 106 125 91 152 149 39 868 8 20 118 103 152 72 8 14 34 12 29 18 4
BASIC5000_0892 131 113 152 108 152 145 9 1098 31 34 599 71 23 1178 36 69 68 188 1146 29
BASIC5000_0893 686 713 1353 42 5 30 39 55 28 800 9 954 12 38 31 34 10 28
BASIC5000_0894 1432 1052 38 376 906 72 1246 5 175 43 1061 510 43 672 39 38 66 38 4
BASIC5000_0895 705 580 699 42 75 131 77 149 110 72 346 67 28 4 42 35 22 9
BASIC5000_0896 131 152 145 43 968 72 634 35 1177 4 38 9 66 1022 31 34 4 28
BASIC5000_0897 212 1101 43 46 26 8 39 147 149 111 149 51 273 958 20 28
BASIC5000_0898 131 145 116 709 942 43 28 4 34 4 941 42 56 22 54 66 20 4 633 39 3 68 349 47 28 709 942 1419 35 158 709 18 69 68
BASIC5000_0899 42 27 56 355 43 699 740 42 22 52 34 42 280 1271 42 165 35 153 947 1304 4
BASIC5000_0900 761 1452 9 877 20 4 1410 39 1299 66 31 34 1309 73 35 4 28
BASIC5000_0901 1184 1162 43 145 105 75 152 116 72 593 671 22 68 8 59 20 69 38 4 9 105 137 149 122 82 149 39 309 32 641 1164 9 3 68
BASIC5000_0902 437 1178 8 66 282 691 22 68 36 574 452 43 36 34 59 1338 652 30 42 65 5 29
BASIC5000_0903 7 392 43 8 41 9 41 28 4 26 5 640 31 34 4 55 22
BASIC5000_0904 276 1027 434 67 423 35 1246 71 38 14 69 44 38 67 55 24 73
BASIC5000_0905 665 861 9 1353 1316 31 34 4 38 14 69 44 574 43 1459 1455 801 29
BASIC5000_0906 364 1315 43 37 5 61 31 34 7 177 4 72 980 67 358 31 28 42 35 22 8
BASIC5000_0907 1308 739 9 352 890 20 39 38 67 18 6 20 38 14 69 44 4 4 35 22 65
BASIC5000_0908 1016 72 28 12 18 73 652 31 34 4 34 20 8 59 850 208 72 218 32 42 39 1318 20 34 4 68 42 43 38 73 29
BASIC5000_0909 890 999 1221 1101 9 356 684 42 1214 705 72 3 19 14 31 28
BASIC5000_0910 1284 1373 43 1134 1018 789 42 977 1363 1172 1088 72 1178 68 42 9 454 10 35 22
BASIC5000_0911 1042 402 42 1234 8 18 43 958 515 1301 158 402 42 1240 20 18 36 809 1276 498 894 18 69 68
BASIC5000_0912 1459 1456 1463 355 485 39 1163 12 1301 165 574 43 792 42 65 5 39 599 4 459 58 55 20 28
BASIC5000_0913 16 55 31 28 36 10 42 935 617 39 507 20 43 36 31 34 7 12 589 1176 9 3 68
BASIC5000_0914 16 31 34 67 3 4 32 42 829 72 1062 31 34 61 31 28
BASIC5000_0915 16 30 66 42 634 1051 72 347 14 346 31 28 36 4 5 1302 980 9 746 28
BASIC5000_0916 669 15 906 43 1003 42 208 1255 39 715 1302 358 71 38 4 73 29
BASIC5000_0917 16 33 8 4 72 3 55 67 890 1423 33 8 4 20 38 4 65 5 39
BASIC5000_0918 16 32 16 32 61 69 44 347 1427 39 347 8 68 29 70 5
BASIC5000_0919 16 38 4 29 83 135 143 72 38 12 20 34 20 55 31 28
BASIC5000_0920 99 135 149 110 9 171 4 34 1271 9 796 58 66 69 68 65 5 39 38 68 42 39 20 44 66 12 8 8 68
BASIC5000_0921 16 36 43 1003 28 30 9 173 616 20 34 4 28 65 67 59 1397 1218 39 1309 73 35 4 68
BASIC5000_0922 16 42 1283 727 43 1028 1458 531 9 185 791 14 34 4 55 22 9 961 111 145 35 20 28
BASIC5000_0923 16 16 8 66 109 76 98 113 152 143 149 111 1163 10 42 118 97 39 167 69 68 36 599 4 55 22
BASIC5000_0924 16 23 6 18 73 43 933 55 69 34 194 746 1067 734 39 512 22 68 16 36 43 38 8 31 28
BASIC5000_0925 1337 348 1144 162 329 431 43 1456 1464 1457 1463 544 39 75 123 144 83 35 181 12 38 31 28
BASIC5000_0926 1178 860 22 1359 67 1074 42 1337 336 9 547 9 31 34 4 28
BASIC5000_0927 307 789 39 32 4 34 43 55 31 28 12 1100 496 18 69 34 4 38 4
BASIC5000_0928 16 5 4 5 1010 1408 42 175 196 43 859 507 20 32 32 3 68
BASIC5000_0929 16 4 32 9 26 73 38 922 21 60 38 4 16 36 38 73 34 36 5 42 707 39 1186 31 34 4 28 8 66 18
BASIC5000_0930 404 699 731 42 323 289 1456 1455 713 324 8 66 323 580 1459 713 55 35 1352 1419
BASIC5000_0931 468 39 61 66 38 12 34 43 38 66 38 4 463 9 1458 184 4 68
BASIC5000_0932 1140 72 652 31 34 4 68 3 42 452 602 43 1216 35 22 8
BASIC5000_0933 702 714 1003 28 30 43 26 42 381 1404 39 740 814 35 346 1059 55 19 68 72 583 38 12 38 68 29 70 5
BASIC5000_0934 737 1072 42 133 106 110 72 32 14 69 44 1258 30 60 73 43 1128 275 42 1406 72 46 31 8 8 38 12 38 68
BASIC5000_0935 1013 906 933 934 42 1149 30 1286 56 39 65 31 34 165 402 43 601 1304 39 699 740 72 158 396 68 162 943 732 686 42 1013 906 1281 253 402 36 38 68 16 36 9 173 616 18 69 68
BASIC5000_0936 153 186 42 474 933 39 22 11 38 4 42 35 1003 43 1061 466 22 68 210 1173 9 38 4
BASIC5000_0937 1167 1389 39 926 69 34 4 68 42 43 816 518 42 248 1023 39 1313 11 38 4
BASIC5000_0938 448 18 73 9 746 69 38 8 31 28 38 73 34 1129 778 804 596 35 22
BASIC5000_0939 163 1101 42 1353 39 43 3 31 28 36 20 34 59 970 1316 43 17 12 71 23 8 35 3 68
BASIC5000_0940 808 1308 404 724 699 42 679 1217 580 39 1003 28 30 43 108 113 97 72 20 28
BASIC5000_0941 363 16 5 39 4 68 507 452 72 3 38 28 43 1178 28 16 36 9 3 67 55 22 8
BASIC5000_0942 153 287 59 702 12 16 16 72 273 38 14 69 44 38 66 38 4
BASIC5000_0943 158 1018 72 96 79 106 110 789 9 85 152 149 36 4 5 1393 72 1022 34 34 1411 73 35 4 31 28
BASIC5000_0944 746 34 12 69 28 184 39 16 42 119 149 123 146 106 110 72 1329 68 42 72 634 202 31 34 159 18 4
BASIC5000_0945 363 8 4 42 119 149 514 51 1163 31 34 119 149 72 1246 31 34 10 34
BASIC5000_0946 1432 215 38 59 42 59 3 69 44 441 435 477 4 59 42 59 3 68
BASIC5000_0947 732 1115 38 441 1154 441 1127 42 295 617 39 38 68 272 1088 43 1163 10 1205 55 31 28 402 42 1239 680 8 66 1258 471 72 38 12 22 42 39 573 1022 31 28
BASIC5000_0948 746 38 18 4 36 1188 71 38 4 1359 67 746 38 4 65 5 39
BASIC5000_0949 153 280 39 1022 30 164 73 29 488 9 692 20 4 75 119 152 110 39 536 72 1230 68 28 58 39 36 67 16 71 18 69 32 32 3 68
BASIC5000_0950 753 906 72 584 1128 937 39 346 31 34 7 1412 52 12 29 18 4
BASIC5000_0951 105 106 125 9 88 143 97 42 153 32 42 165 42 1456 1455 99 149 110 35 3 69 44 78 79 77 110 146 97 43 792 42 484 39 235 6 34 601 4 35 108 152 124 145 72 902 190 14 65 5 36 20 34 88 143 97 72 652 30 158 15 815 9 16 54 69 29 20 175 43 7 20 55 4 36 4 5 16 36 39 38 70 5
BASIC5000_0952 273 253 67 348 43 1352 14 28 55 55 39 38 31 34 4 28
BASIC5000_0953 746 28 4 184 43 1216 35 59 1306 69 34 10 34 65 70 20 4
BASIC5000_0954 32 58 72 8 57 957 72 796 58 38 14 69 44 1163 14 38 4
BASIC5000_0955 1410 716 39 814 72 346 66 69 34 1312 1274 1101 43 1314 1267 8 66 968 72 26 66 20 28
BASIC5000_0956 926 805 1367 35 43 26 42 381 1404 39 32 4 34 91 135 149 110 35 10 55 24 73
BASIC5000_0957 32 67 1343 42 4 66 38 4 65 5 39 7 1407 4 20 55 22
BASIC5000_0958 32 66 4 36 10 375 20 4 36 10 43 184 42 28 58 39 209 8 20 34 56 55 20 64 5
BASIC5000_0959 108 87 110 147 113 87 97 42 692 101 123 110 78 79 75 43 147 96 106 87 151 75 112 143 77 94 72 212 5 1409 484 42 113 152 98 39 55 18 20 12 593 6 68 59 42 35 22
BASIC5000_0960 1462 407 319 35 692 1174 376 42 109 136 149 97 110 146 152 95 141 149 72 1163 4 628 298 20 55 20 28
BASIC5000_0961 731 1254 39 65 31 34 184 2 43 707 65 67 28 12 18 73 42 59 42 72 1256 253 35 10 68
BASIC5000_0962 1372 1289 633 39 498 20 34 1178 760 72 565 68 42 43 184 614 35 22 65
BASIC5000_0963 600 14 1101 42 26 42 940 43 20 44 20 44 1105 308 72 600 68
BASIC5000_0964 401 55 68 55 35 26 42 55 55 39 20 34 7 12 8 269 1154 554 35 269 61 20 34 12 29 18 4
BASIC5000_0965 245 814 72 273 24 1003 28 30 43 10 31 36 300 8 68
BASIC5000_0966 226 935 1211 9 254 12 38 4 36 4 5 1188 1211 43 7 26 66 12 38 4 35 3 70 5
BASIC5000_0967 1103 1384 9 3 68 693 42 158 39 159 31 34 26 42 158 39 36 37 55 66 69 68 42 9 1178 6 28 38 66 26 42 693 16 26 1103 1384 39 65 31 34 118 125 108 97 132 72 659 14 68 693 35 3 68
BASIC5000_0968 1456 424 9 3 4 34 4 28 42 35 636 1101 72 799 8 24 28
BASIC5000_0969 723 1410 1378 9 3 66 73 1359 67 42 916 462 72 655 68 31 28
BASIC5000_0970 958 1167 43 1458 1455 275 194 262 39 285 1359 20 34 159 18 4
BASIC5000_0971 979 971 22 68 422 369 72 347 14 34 26 42 573 377 43 1128 275 42 1022 423 72 1100 6 969 20 28
BASIC5000_0972 17 1328 358 42 65 4 36 10 39 7 1145 72 1415 56 39 7 491 67 39 38 67 55 24 73 8
BASIC5000_0973 719 38 36 10 43 4 32 35 59 1311 47 39 746 34 159 18 4
BASIC5000_0974 1137 1226 42 3 68 184 38 66 26 73 38 1410 39 364 39 1206 20 8 14 38 4 29 70 5
BASIC5000_0975 101 123 74 152 43 267 974 289 693 39 3 31 34 108 152 124 145 42 1119 39 3 68
BASIC5000_0976 739 817 12 779 20 4 699 2 72 1297 66 69 55 22 65 5 7 4 42 67 20 55 22
BASIC5000_0977 574 153 184 29 14 210 68 29 8 66 497 282 18 24 65 5
BASIC5000_0978 7 1406 9 1178 6 68 65 5 39 59 31 36 1289 12 39 7 4 35 12 29 18 4
BASIC5000_0979 7 1407 4 29 8 66 1216 39 59 26 42 16 36 43 1188 71 38 4 35
BASIC5000_0980 395 32 1150 42 87 147 152 118 152 72 1178 32 14 28 16 36 9 3 67 55 22 8
BASIC5000_0981 159 1076 72 561 4 28 1211 72 797 20 4 570 39 20 38 18 4
BASIC5000_0982 1099 316 72 1357 13 28 58 39 59 31 36 208 72 307 8 22 52 10 29
BASIC5000_0983 1272 1366 35 43 890 691 1296 273 22 68 175 43 1195 18 69 38 4
BASIC5000_0984 101 113 152 43 162 943 165 1216 35 59 980 31 34 4 68 361 289 29
BASIC5000_0985 584 994 42 7 1100 6 72 248 39 7 31 20 60 31 34 12 29 18 4
BASIC5000_0986 101 146 116 77 111 51 42 1019 253 1382 841 35 116 77 98 9 958 933 20 55 22
BASIC5000_0987 1081 786 1463 123 76 152 110 42 1327 514 42 1389 1014 43 1461 1459 543 693 123 76 152 110 35 3 68
BASIC5000_0988 1215 727 9 469 4 36 4 5 71 14 35 43 38 12 713 1353 9 890 4 42 29
BASIC5000_0989 1078 1375 1101 261 273 903 994 35 3 68 184 43 1003 42 4 36 16 35 22
BASIC5000_0990 441 1175 837 43 75 135 144 83 72 142 152 147 106 119 8 66 276 67 1376 20 34 4 68
BASIC5000_0991 951 952 1034 928 510 42 422 369 35 43 1089 610 921 43 1456 1455 119 152 99 149 110 29 31 28
BASIC5000_0992 1246 906 165 39 234 72 346 66 69 34 20 55 31 28 42 65
BASIC5000_0993 165 402 35 43 1092 43 230 556 36 276 67 1376 20 34 1100 6 66 69 68 16 36 43 38 8 31 28
BASIC5000_0994 739 42 463 39 43 4 32 59 144 149 92 42 1458 275 42 1456 9 161 6 66 69 68
BASIC5000_0995 488 72 273 28 36 10 1003 43 8 11 42 16 36 72 599 4 273 20 28
BASIC5000_0996 444 457 43 316 474 72 1289 192 1005 474 51 36 153 435 18 24 28
BASIC5000_0997 419 483 38 1146 42 764 146 127 145 42 1312 307 72 1038 10 3 15 68 16 36 39 1375 165 20 38 14 69 44 38 66 38 4
BASIC5000_0998 830 956 9 1058 71 68 55 35 39 1073 1405 37 42 12 66 4 8 8 67 55 22 8
BASIC5000_0999 1410 368 39 253 31 28 42 35 814 275 9 4 31 26 5 1137 12 38 31 28
BASIC5000_1000 614 311 43 680 551 42 297 35 43 37 5 39 59 38 66 38 12 38 31 28
BASIC5000_1001 689 208 9 211 488 39 652 32 1354 216 43 1138 571 9 942 488 39 498 22 68 42 36 360 21 35 3 68
BASIC5000_1002 544 1279 42 444 467 43 1257 67 906 65 67 926 1338 72 454 57 16 36 9 438 4 9 26 69 43 26 5 20 28 1257 67 906 43 589 1176 35 59 38 14 69 44 1088 12 423 633 59 38 4 8 66 35 3 68
BASIC5000_1003 899 6 68 92 133 36 899 6 38 4 92 133 42 319 283 59 65 12 275 8 66 38 4 65 41
BASIC5000_1004 1121 634 1164 42 730 165 43 320 1101 59 972 1231 467 59 621 1336 39 20 8 59 35 10 68 29 14 1287 1304 39 610 1101 72 638 71 38 14 69 44 38 66 38 4
BASIC5000_1005 200 719 72 1313 17 22 42 39 1003 43 28 12 18 73 42 1338 9 8 8 67 55 22
BASIC5000_1006 136 149 110 144 82 152 145 35 422 1314 1361 36 201 1178 20 28 148 146 93 812 43 748 111 77 107 653 505 1327 42 182 192 43 701 208 285 42 218 476 840 653 505 1101 66 9 802 353 42 841 69 39 346 67 804 18 69 28 28 58 39 1261 10 28 36 1293 52 55 20 28
BASIC5000_1007 136 152 145 42 165 39 809 1276 962 441 10 38 95 115 91 149 9 3 68
BASIC5000_1008 1167 614 8 66 282 691 22 68 36 574 43 789 469 9 611 4
BASIC5000_1009 993 912 72 727 12 36 43 574 59 993 243 797 20 8 31 28
BASIC5000_1010 999 936 18 73 43 209 36 1304 4 143 149 112 152 35 20 64 5
BASIC5000_1011 1144 1211 43 1039 328 35 43 38 4 35 59 26 69 43 1389 960 4
BASIC5000_1012 192 71 67 39 119 152 108 76 152 39 1163 31 34 12 69 55 24 73 8
BASIC5000_1013 136 144 152 43 441 10 38 1088 10 713 1189 72 652 31 34 4 68
BASIC5000_1014 1270 208 9 1312 307 72 589 1176 36 22 68 65 5 39 1044 999 59 230 556 35 3 68 28 58 39 286 877 72 589 1176 36 22 68
BASIC5000_1015 136 109 145 43 1434 297 42 3 68 208 72 20 34 4 38 14 69 44 38 66 38 4
BASIC5000_1016 136 104 149 96 137 98 39 209 72 819 58 34 1104 14 44 65 4 42 8 71 8 68 36 1003 43 26 69 72 371 71 6 68 65 5 39 38 31 28
BASIC5000_1017 136 106 107 74 146 143 105 152 98 72 8 14 28 122 94 39 43 974 31 248 39 1411 47 32 4 34 20 55 4 55 22
BASIC5000_1018 906 1188 6 44 378 494 20 1421 1445 53 37 1188 4 28 9 68
BASIC5000_1019 1386 544 736 341 614 43 1349 1069 10 20 38 4 16 36 9 438 4 36 1188 71 69 68
BASIC5000_1020 136 112 144 94 43 61 18 20 4 9 999 1006 962 38 586 1025 72 844 8 52 34 4 68
BASIC5000_1021 1066 942 9 732 22 68 1028 153 42 304 1115 43 1178 68 184 42 968 42 17 30 26 5 36 38 68 16 36 35 3 68
BASIC5000_1022 582 458 456 39 43 41 59 42 270 4 130 77 149 130 77 149 38 470 9 4 68 73 29 65
BASIC5000_1023 257 1302 42 284 486 72 59 31 28 163 568 175 1101 9 14 73 8 1123 35 4 28 36 10 574 9 1353 39 253 31 34 4 18 8 4 39 14 67 72 32 14 28
BASIC5000_1024 711 185 223 184 962 1128 937 43 507 38 12 38 31 34 4 68
BASIC5000_1025 358 5 8 37 5 8 16 42 539 470 72 8 50 31 34 56 34 12 29 18 4
BASIC5000_1026 775 906 43 760 1418 906 72 211 31 34 4 68 36 10 1332 1053 72 679 273 22 68
BASIC5000_1027 1128 219 72 652 30 38 18 4 3 38 28 38 66 273 746 55 22 65
BASIC5000_1028 165 349 1271 39 20 34 43 16 42 227 805 43 61 61 1432 4
BASIC5000_1029 1092 937 1048 43 83 135 143 72 652 31 34 4 68 20 8 20 574 452 43 26 69 9 454 10 35 38 4
BASIC5000_1030 692 1192 1346 72 1022 34 28 16 36 9 574 42 361 433 72 18 66 39 1432 58 28
BASIC5000_1031 561 935 20 28 381 1404 35 43 3 67 55 24 73 9 1354 216 192 361 1202 36 1354 216 293 1202 42 212 4 275 14 72 381 5 381 1404 9 144 152 109 76 149 88 99 87 95 141 149 39 43 3 67 55 22
BASIC5000_1032 273 994 20 28 66 188 175 9 28 12 18 73 3 31 34 75 103 123 103 20 28
BASIC5000_1033 1036 42 212 4 693 39 43 59 5 22 31 8 67 7 623 69 39 38 31 28 35 20 64 5
BASIC5000_1034 457 39 395 256 713 165 50 32 50 32 1188 71 69 68 42 39 43 625 1433 39 38 31 34 20 55 5
BASIC5000_1035 543 1387 72 218 34 38 4 36 364 43 407 205 72 446 5 16 36 39 38 68 65
BASIC5000_1036 1128 900 108 147 911 43 127 112 96 145 151 124 106 110 245 1420 970 39 363 14 34 958 986 20 28 9 567 43 26 69 28
BASIC5000_1037 116 106 87 20 38 4 35 601 39 1327 514 39 253 31 34 16 38 4 35 12 69
BASIC5000_1038 348 248 29 14 35 38 12 59 31 36 483 1163 9 589 1176 29
BASIC5000_1039 1165 708 42 165 39 43 900 958 20 28 59 42 61 1166 1019 20 28 906 59 3 68
BASIC5000_1040 582 246 562 42 1061 466 560 42 561 10 273 906 39 1347 72 59 66 31 28
BASIC5000_1041 116 144 59 18 68 175 38 9 66 201 423 36 153 208 316 20 28 65 5 38 595 619 9 591 69 66 69 38 4
BASIC5000_1042 116 145 132 149 184 9 1144 402 72 576 733 20 28 16 36 9 1144 1211 39 441 10 38 572 1394 72 340 54 20 28
BASIC5000_1043 1436 42 1431 9 32 8 6 34 607 9 1205 55 67 26 5 29 31 28
BASIC5000_1044 1436 43 1317 881 35 63 31 12 67 16 73 9 67 892 10 158 15 55 22
BASIC5000_1045 1436 39 815 9 589 1176 38 65 5 39 629 2 39 43 1018 814 9 589 1176 35 3 68
BASIC5000_1046 1436 36 1106 43 36 59 39 760 1418 9 3 68 9 580 1101 42 53 5 9 289 1101 65 67 227 805 9 1432 4
BASIC5000_1047 116 152 97 448 18 73 43 1128 275 42 470 214 72 441 435 1128 622 20 34 4 55 22
BASIC5000_1048 459 958 42 118 97 43 323 289 1461 713 39 273 68 36 1312 1274 634 43 1188 31 28
BASIC5000_1049 116 149 97 110 106 125 35 846 521 72 575 585 20 28 452 602 36 20 34 43 574 452 9 1456 1460 544 50 67 42 184 36 38 31 28
BASIC5000_1050 441 175 38 42 43 212 6 68 713 1353 72 4 8 39 732 304 39 212 5 8 35 3 68
BASIC5000_1051 633 516 20 34 4 28 1059 1083 39 498 22 68 1349 713 1353 39 71 28 68 594 312 50 67 39 59 8 8 71 66 23 8 69 9 422 71 69 28 42 43 239 8 38 1338 1405 39 22 11 38 8 31 28
BASIC5000_1052 684 319 905 535 43 832 1206 42 713 20 44 20 44 1103 727 39 1188 340 22 68
BASIC5000_1053 1324 1435 72 20 34 856 55 38 4 30 64 31 36 1206 9 3 68 42 29
BASIC5000_1054 441 184 42 676 1329 39 498 20 574 66 43 16 42 65 5 38 848 778 962 38 343 644 42 188 693 72 22 68 42 35 3 68
BASIC5000_1055 281 588 1101 9 78 76 149 111 93 152 123 76 149 72 22 68 42 43 57 23 8 20 4
BASIC5000_1056 846 1285 72 111 143 77 124 22 68 16 36 43 1053 717 66 20 4
BASIC5000_1057 1306 165 43 4 32 8 66 108 113 97 72 20 34 4 68 73 35 22 8
BASIC5000_1058 643 1250 1342 1163 488 28 30 43 723 1149 35 1301 693 39 722 69 34 4 55 22
BASIC5000_1059 209 72 20 34 65 4 8 275 8 66 38 8 31 28 42 35 574 39 300 1188 72 819 58 28
BASIC5000_1060 908 283 42 213 39 32 4 34 985 1017 72 20 34 56 65 5
BASIC5000_1061 525 158 39 1163 12 39 20 28 9 31 34 841 69 43 842 12 38 68
BASIC5000_1062 339 31 28 65 574 43 1003 72 29 55 20 34 4 28 73 29
BASIC5000_1063 209 59 652 31 34 4 38 4 42 29 8 66 209 59 446 5 43 23 9 38 4
BASIC5000_1064 1459 485 8 66 628 68 75 119 152 110 72 574 452 43 226 67 28
BASIC5000_1065 209 66 8 42 641 1164 962 381 1404 39 65 67 173 369 18 69 28 947 1059 42 192 71 67 39 709 942 9 679 709 18 69 28
BASIC5000_1066 209 65 67 59 55 23 1028 153 39 5 26 72 32 12 38
BASIC5000_1067 695 184 43 1022 30 796 55 31 34 1003 39 1314 72 1104 4 28
BASIC5000_1068 53 73 42 686 184 42 933 581 29 14 9 26 42 381 1404 72 928 1186 20 28
BASIC5000_1069 981 291 29 14 35 798 1172 20 34 574 43 678 673 20 28 1460 184 72 963 1295 4 637 31 28
BASIC5000_1070 53 58 68 16 36 9 474 1097 1101 39 61 68 814 72 1261 16 18 24 68
BASIC5000_1071 53 66 185 699 43 846 42 545 29 31 28 8 66 705 699 43 518 42 545 36 8 18 662 67 39 1163 16 5 65 1454
BASIC5000_1072 435 316 42 38 4 808 699 42 933 839 39 1417 10 34 4 28
BASIC5000_1073 59 152 563 933 42 112 121 9 282 67 39 12 4 8 66 360 21 110 91 13 68 13 68 396 31 28 21 60 38 4
BASIC5000_1074 1456 318 42 85 144 86 144 97 36 438 12 42 75 144 9 1337 336 39 206 73 35 4 28
BASIC5000_1075 17 1422 1260 9 273 68 8 66 7 38 8 72 22 8 24 34 7 10 38 18 4
BASIC5000_1076 273 536 1101 43 4 31 24 4 39 1022 30 158 9 31 34 1327 514 72 273 34 1163 31 28
BASIC5000_1077 171 4 34 54 26 54 26 39 38 31 28 119 149 72 8 56 38 9 66 42 518 42 695 35 441 1160 39 3 31 28
BASIC5000_1078 1178 8 14 42 605 70 20 4 87 136 43 184 72 678 673 22 68 16 36 43 38 4
BASIC5000_1079 157 544 1353 723 297 72 347 14 28 580 574 452 43 574 72 658 34 28
BASIC5000_1080 307 1202 39 43 968 962 72 36 66 38 4 1128 307 1202 36 968 962 1211 72 36 68 189 307 1202 9 3 67 55 22
BASIC5000_1081 989 72 636 32 16 36 9 1003 42 379 153 42 779 20 56 29
BASIC5000_1082 442 689 474 43 823 20 34 692 20 4 1005 474 35 43 38 4
BASIC5000_1083 749 1337 42 488 361 72 14 9 22 16 36 9 38 4 65 5 39 7 1407 4 20 55 22 65
BASIC5000_1084 711 699 42 1203 1427 42 381 1404 43 599 31 28 65 67 23 31 36 61 18 20 8 31 28
BASIC5000_1085 740 184 43 379 629 914 504 72 823 58 1286 73 35 4 68 65 5 29 14 37 59 370 67 8 66 1178 69 44 328 38 68 71 9 55 55 29 65 41
BASIC5000_1086 1099 465 43 53 31 36 607 72 32 4 34 39 31 16 67 1025 31 28
BASIC5000_1087 144 99 106 95 141 149 43 153 1135 962 238 363 36 20 34 43 1060 856 839 307 9 428 441 20 34 4 68 713 39 153 713 962 39 1149 30 1286 57 59 42 35 3 68
BASIC5000_1088 144 98 134 43 1275 595 35 108 149 131 43 1304 12 26 42 725 43 1142 1101 39 454 55 69 34 4 68
BASIC5000_1089 144 97 110 42 109 152 103 43 1128 307 1375 1189 789 1115 72 212 31 34 1039 328 39 1375 1189 22 68 16 36 9 35 10 55 22
BASIC5000_1090 1137 787 43 7 1338 39 399 31 34 178 1326 39 176 155 263 1247 20 34 12 69 36 1403 73 29
BASIC5000_1091 835 689 727 39 93 77 98 1138 97 103 77 145 72 1192 253 20 34 159 18 4
BASIC5000_1092 144 93 43 1144 1211 29 14 35 38 12 123 143 149 97 1211 59 1206 20 55 22
BASIC5000_1093 863 520 1222 402 43 538 39 630 174 42 1117 462 39 18 66 18 69 34 4 68
BASIC5000_1094 144 82 42 83 152 113 118 145 43 176 731 39 1352 236 18 69 68
BASIC5000_1095 1009 1338 8 66 583 66 69 68 1338 1405 39 65 31 34 680 551 9 994 201 1002 996 39 676 273 22 68 1338 1405 72 528 354 22 68
BASIC5000_1096 1099 467 184 43 1314 1267 72 786 691 22 68 42 72 634 202 31 28 16 36 39 498 20 34 1003 39 619 1224 20 28
BASIC5000_1097 1199 650 43 71 69 71 69 39 574 42 890 483 72 1050 583 18 24 28
BASIC5000_1098 123 81 77 80 145 118 106 117 42 211 376 43 1402 1082 39 1188 340 18 69 34 4 68
BASIC5000_1099 185 1206 20 358 31 34 4 68 381 1404 29 14 39 958 1188 72 1359 482 20 34 159 18 4
BASIC5000_1100 123 76 144 106 125 97 812 43 341 184 61 1372 184 36 153 1075 39 38 31 34 998 487 72 1189 942 20 34 4 68
BASIC5000_1101 1363 1267 72 1312 50 42 43 441 435 35 22 9 846 1267 35 1312 50 42 43 1039 328 35 22
BASIC5000_1102 123 74 152 97 110 115 152 134 35 7 372 47 22 68 16 36 72 7 1195 20 159 18 4
BASIC5000_1103 407 928 72 985 1017 22 68 39 43 407 400 72 4 32 59 284 935 20 38 14 69 44 38 66 38 4
BASIC5000_1104 123 79 75 39 61 70 5 36 43 939 20 55 24 73 14 37 890 599 624 38 1163 307 43 7 61 58 1395 10 28 4 35 22 71
BASIC5000_1105 57 70 73 16 42 163 778 1023 42 1353 39 438 12 42 118 144 80 152 95 141 149 9 3 68
BASIC5000_1106 741 540 39 206 73 35 4 68 246 39 634 1051 72 1297 68 32 59 67 29
BASIC5000_1107 1430 12 52 10 16 36 39 26 42 1099 184 43 230 556 72 396 585 20 28
BASIC5000_1108 1430 10 42 3 55 67 1003 43 12 30 9 10 14 38 8 31 28
BASIC5000_1109 229 1401 954 9 7 16 31 28 36 10 39 498 272 22 68 29 14 35 43 38 12 715 805 42 933 839 42 38 8 35 229 1401 954 72 38 68 52 12 1357 4 35 4 12 16 36 59 441 175 38 16 36 35 22
BASIC5000_1110 1430 4 28 16 36 39 574 43 794 9 158 634 8 31 28
BASIC5000_1111 1178 32 14 28 184 9 59 66 5 184 38 12 20 28 184 43 834 10 72 56 68
BASIC5000_1112 968 158 42 184 39 43 993 243 797 20 12 20 38 14 69 44 38 66 38 4
BASIC5000_1113 968 159 42 36 16 70 16 69 35 1353 39 358 5 35 20 64 5
BASIC5000_1114 153 208 209 9 185 714 1167 35 3 73 38 46 37 4 1393 72 28 34 34 4 68 42 8 1178 568 59 32 10 55 24 73
BASIC5000_1115 1456 1458 801 8 66 1456 1464 801 42 507 544 507 452 39 65 12 3 68 16 36 29 9 574 452 43 5 40 54 69 34 4 68
BASIC5000_1116 1456 1457 801 8 66 1456 1463 801 39 71 28 68 28 12 18 73 42 507 544 507 452 28 30 9 26 42 91 149 108 97 110 39 593 310 20 28
BASIC5000_1117 1456 1456 713 1456 1460 275 289 72 507 20 1313 11 34 4 55 22
BASIC5000_1118 1456 1455 731 39 1073 201 72 1352 236 22 52 10 29 36 4 5 668 767 9 3 31 28
BASIC5000_1119 1456 1462 162 1048 39 402 1369 1060 856 1221 42 958 515 9 303 240 297 42 441 1007 307 72 505 4 28 36 117 149 99 149 9 1293 52 34 4 68 9 16 69 43 1213 67 35 3 68
BASIC5000_1120 1456 1461 1455 1458 544 96 79 152 134 98 153 162 9 680 785 42 553 39 32 4 28 36 10 123 106 110 130 152 145 43 265 47 1195 351 18 69 28 42 35 22
BASIC5000_1121 1456 1460 1010 1408 194 158 42 119 77 72 17 935 617 20 34 4 55 22
BASIC5000_1122 1458 1185 570 42 22 52 34 42 1185 42 374 43 1456 1463 1455 552 39 1029 20 4
BASIC5000_1123 1456 1464 1460 1463 544 26 42 1192 596 990 43 547 522 543 374 255 403 39 558 34 66 69 28
BASIC5000_1124 1456 1463 1460 1458 544 128 144 152 43 699 740 39 75 135 144 83 51 42 1350 631 72 1352 12 65 5 39 1176 819 20 28
BASIC5000_1125 463 43 457 9 977 34 4 28 111 146 97 9 977 66 69 68 65 5 39 38 31 28
BASIC5000_1126 463 42 800 164 47 72 982 797 20 34 4 28 29 10 28 4 42 35 22
BASIC5000_1127 893 43 574 42 588 1126 39 65 12 38 4 8 59 20 69 38 4
BASIC5000_1128 1267 158 39 1014 59 31 28 1379 43 182 1302 42 1324 1435 39 38 31 34 4 28
BASIC5000_1129 1456 1457 544 35 132 97 103 152 22 68 42 43 1377 20 4
BASIC5000_1130 1304 8 70 5 9 63 31 12 67 35 3 70 5 9 835 617 20 34 1312 1274 20 38 18 4
BASIC5000_1131 1304 12 1260 67 38 18 4 26 5 22 69 44 280 1271 39 55 39 3 5 65
BASIC5000_1132 273 272 1309 1296 42 876 18 72 71 10 55 6 34 4 68 36 574 43 1188 31 34 4 68 14 69 37 4 19 36 38 31 28 66 37 5 29 8 41
BASIC5000_1133 1304 4 1304 552 35 65 12 928 1186 20 34 740 72 1215 57 16 36 9 35 10 69 44 28 50 73 1215 73 29 16 36 72 28 12 18 73 1192 626 22 68 16 36 9 489 706 39 35 10 68 35 20 64 5
BASIC5000_1134 463 9 36 10 37 10 1003 42 1178 1133 4 39 10 34 12 69 28
BASIC5000_1135 1020 1369 8 1302 1267 231 37 30 66 39 38 18 4 55 22 8
BASIC5000_1136 1333 4 75 120 145 42 470 43 244 1374 38 960 1440 36 38 31 28
BASIC5000_1137 549 55 35 43 36 34 59 1265 1376 9 3 68 65 5 39 599 6 68
BASIC5000_1138 1178 38 12 30 60 1163 14 38 4 307 906 9 28 12 18 73 4 68 65
BASIC5000_1139 463 28 30 42 7 20 60 52 67 43 4 32 55 35 59 1069 4 28
BASIC5000_1140 1128 285 35 10 68 65 5 39 38 66 41 44 38 66 38 4
BASIC5000_1141 329 689 43 442 179 39 88 143 97 123 74 77 118 152 42 691 898 742 72 253 69 28
BASIC5000_1142 441 958 705 39 1354 20 34 43 232 891 43 53 73 42 506 18 38 573 294 20 8 20 38 8 31 28
BASIC5000_1143 617 599 949 1302 9 5 55 12 4 8 38 4 633 35 43 839 307 59 5 55 12 4 8 38 4
BASIC5000_1144 1238 14 26 5 39 38 68 42 9 71 8 31 28 36 10 574 66 43 1358 339 20 28
BASIC5000_1145 1128 275 42 188 175 43 3 55 67 454 10 35 43 38 8 31 28 9 692 20 12 1246 31 28 488 35 7 1338 72 226 67 34 4 28
BASIC5000_1146 1388 42 636 30 633 9 38 4 1189 942 43 1021 512 29 38 3
BASIC5000_1147 712 1353 43 443 1365 9 439 43 731 9 46 8 67 72 161 6 34 12 69 68
BASIC5000_1148 1384 1349 1408 42 810 33 12 70 4 43 1375 398 42 1061 358 72 566 58 68
BASIC5000_1149 1237 470 43 1175 39 825 73 35 63 12 443 1365 72 56 34 135 87 143 39 38 31 28
BASIC5000_1150 1311 73 35 4 68 470 214 28 30 42 433 9 1410 39 167 31 34 1104 16 6 34 10 28
BASIC5000_1151 446 993 35 22 9 26 69 43 1003 42 143 89 106 110 35 22
BASIC5000_1152 634 459 58 43 157 441 479 684 42 1103 407 80 145 93 146 134 72 1193 69 68 16 36 29 31 28
BASIC5000_1153 258 431 28 30 43 823 20 34 1358 199 20 38 4 65 5 39 1188 71 69 28
BASIC5000_1154 1060 802 42 71 8 66 38 4 184 1353 72 219 935 20 34 43 4 14 38 4
BASIC5000_1155 488 165 9 297 72 358 71 24 34 1449 42 277 253 69 72 20 55 20 28
BASIC5000_1156 209 318 8 42 93 145 9 737 39 959 31 34 4 68 42 72 1178 28
BASIC5000_1157 983 887 43 441 1327 275 9 887 1053 8 66 628 31 34 4 68
BASIC5000_1158 1072 492 39 1188 5 36 574 42 201 1178 43 1003 42 36 43 4 12 66 8 948 38 68
BASIC5000_1159 1380 9 29 73 29 73 1450 12 38 31 34 1378 9 1358 67 26 5 35 22
BASIC5000_1160 188 781 215 765 43 435 726 22 68 16 36 9 3 67 55 22
BASIC5000_1161 545 797 31 34 22 17 12 351 618 4 73 21 60 38 4
BASIC5000_1162 321 192 42 470 214 28 30 43 1183 8 66 914 1022 20 28 4 36 599 31 34 4 68
BASIC5000_1163 1203 1312 1274 35 43 1271 163 43 56 73 38 5 55 12 307 4 28
BASIC5000_1164 755 9 273 746 158 9 68 36 87 136 43 30 64 5 37 1128 1274 1271 42 1271 1280 42 61 42 65 5 39 26 69 39 1068 42 1046 72 8 14 68
BASIC5000_1165 209 961 184 59 42 507 544 1315 9 88 143 149 111 35 1311 73 35 4 68
BASIC5000_1166 1003 223 184 42 617 1178 36 20 34 43 26 42 1189 942 39 343 498 29
BASIC5000_1167 7 361 289 36 206 633 72 7 1104 10 20 34 59 65 70 20 4 35 20 64 5 8
BASIC5000_1168 460 377 201 43 26 42 1189 942 72 58 13 31 34 617 1178 9 275 8 69 28
BASIC5000_1169 507 470 316 8 66 42 1120 333 39 43 1388 466 132 94 152 42 428 441 9 589 1398 38 42 39 699 740 42 162 1221 43 38 25 8 16 42 1229 1221 72 1321 14 34 4 68
BASIC5000_1170 291 800 1158 9 1067 870 20 28 42 43 816 828 713 192 35 3 31 28
BASIC5000_1171 905 1091 910 9 1091 42 1093 72 905 423 51 1306 69 34 4 12
BASIC5000_1172 800 411 9 23 4 50 73 190 4 34 4 68 36 599 4 55 22 9
BASIC5000_1173 1153 1393 789 43 80 96 101 149 42 1401 1121 8 66 933 55 69 28
BASIC5000_1174 968 962 43 65 4 36 20 34 59 37 42 65 5 39 26 42 1189 942 72 483 1163 22 68 42 8
BASIC5000_1175 324 713 1353 20 28 66 574 43 16 16 39 746 68 35 20 64 5
BASIC5000_1176 1009 43 969 664 1009 36 1353 664 1009 8 66 38 31 34 4 68
BASIC5000_1177 1245 467 184 43 601 4 35 952 1360 51 1163 10 26 42 55 55 1198 496 485 51 36 1306 69 34 1163 8 69 28
BASIC5000_1178 359 1373 43 1003 9 26 42 1035 72 652 30 158 15 68 42 72 634 202 31 34 12 69 28
BASIC5000_1179 359 1373 43 1003 9 26 42 1035 72 652 30 158 15 68 42 72 634 202 31 34 12 69 28
BASIC5000_1180 349 1249 3 73 28 42 324 933 35 153 208 209 9 3 31 28 42
BASIC5000_1181 1171 282 480 43 26 42 394 184 42 153 544 42 279 736 72 1259 250 20 28
BASIC5000_1182 1244 1338 1035 39 43 7 1338 43 254 12 804 31 34 4 38 8 31 28
BASIC5000_1183 1170 486 1101 42 803 39 65 31 34 1216 9 583 72 22 68 42 29 70 5
BASIC5000_1184 1349 4 968 35 1178 69 44 1316 31 34 12 68 36 599 4 55 22
BASIC5000_1185 478 254 38 479 684 42 1128 937 9 155 184 39 218 1199 18 69 34 4 68
BASIC5000_1186 762 288 38 42 35 933 581 28 30 43 474 933 733 72 977 38 12 34 43 38 66 38 4
BASIC5000_1187 1096 735 1379 29 68 55 43 1266 570 59 38 12 848 6 446 24 34 4 28
BASIC5000_1188 1349 12 1079 1097 20 28 7 8 15 35 574 43 36 34 59 897 1315 20 28
BASIC5000_1189 743 39 43 1457 1455 184 20 8 804 31 34 4 38 8 31 28
BASIC5000_1190 215 227 1184 42 1316 5 184 36 5 55 12 61 31 34 4 12 42 43 1377 20 4
BASIC5000_1191 743 42 184 28 30 9 1128 891 931 427 39 1354 20 34 1206 20 28 1229 1221 43 960 898 20 28
BASIC5000_1192 153 1332 316 887 1053 36 43 887 1053 316 358 906 42 160 478 254 899 892 35 958 933 22 68 732 486 906 1255 35 22
BASIC5000_1193 846 437 39 1163 31 28 36 10 43 105 106 125 9 589 1176 38 16 36 72 1181 6 34 4 28 53 5 9 4 4 35 22 65
BASIC5000_1194 515 1182 18 69 28 1066 42 8 38 67 438 12 9 1352 201 281 699 39 434 69 28
BASIC5000_1195 166 208 151 484 208 18 6 1196 24 69 44 3 36 43 26 16 55 35 1377 20 12 38 4 35 22
BASIC5000_1196 36 59 8 12 1049 744 72 987 68 42 43 65 12 3 67 55 24 73
BASIC5000_1197 36 70 881 35 713 1353 72 8 14 34 1233 72 885 4 34 12 29 18 4
BASIC5000_1198 36 67 71 14 1221 928 474 39 43 797 991 38 482 1094 9 1176 819 18 69 68
BASIC5000_1199 552 1114 42 38 4 1128 275 39 629 38 9 66 46 37 12 1124 9 1022 31 28
BASIC5000_1200 1442 39 829 669 15 72 18 66 71 69 28 65 5 38 59 42 29
BASIC5000_1201 1389 36 363 8 31 34 1208 58 68 184 43 935 588 20 38 18 4
BASIC5000_1202 1444 42 1095 43 547 15 68 36 1456 135 152 103 152 39 59 38 68
BASIC5000_1203 1118 564 35 297 42 890 4 28 29 42 184 1353 38 73 29
BASIC5000_1204 1018 488 39 38 31 34 4 68 928 937 43 18 55 19 55 35 22
BASIC5000_1205 653 505 1101 43 402 813 36 826 182 857 39 38 31 34 4 28
BASIC5000_1206 983 829 201 994 43 265 47 84 101 144 149 42 215 765 72 158 15 28
BASIC5000_1207 959 762 42 1301 165 591 69 23 39 16 42 634 1051 72 273 20 34 41
BASIC5000_1208 584 1289 12 39 7 4 35 42 1037 43 25 46 584 1022 30 491 67 12 29 18 4
BASIC5000_1209 480 1272 39 253 413 72 1195 22 36 43 37 5 4 5 172 1178 29
BASIC5000_1210 456 9 5 55 69 28 699 42 16 36 43 65 12 7 54 6 34 4 55 22
BASIC5000_1211 1215 1101 43 26 42 113 139 152 97 9 974 483 8 37 5 8 72 991 8 58 68 16 36 43 35 10 38 4
BASIC5000_1212 89 113 75 43 8 32 34 77 86 144 97 42 775 813 407 35 3 31 28
BASIC5000_1213 89 115 97 97 103 152 9 55 28 20 34 59 785 297 72 879 935 20 1003 9 77 149 103 152 115 106 110 72 212 5 785 284 72 292 450 20 28 42 35 22
BASIC5000_1214 441 276 38 16 36 43 26 42 16 36 35 248 933 36 970 1219 22 68 16 36 29
BASIC5000_1215 437 51 35 38 18 4 35 38 4 36 580 609 20 55 22 65
BASIC5000_1216 89 105 137 106 125 72 283 39 652 31 34 10 34 12 29 18 4
BASIC5000_1217 1428 18 69 61 22 4 184 43 28 6 23 933 69 34 12 68 36 4 31 28 184 9 3 68 9 1200 793 535 43 4 23 69 59 16 42 16 36 72 640 980 20 34 4 68
BASIC5000_1218 799 1314 35 1128 1274 1271 39 167 31 34 43 4 14 55 24 73
BASIC5000_1219 437 43 494 4 8 66 146 77 149 91 152 110 72 977 68 52 10 29
BASIC5000_1220 437 42 1393 9 5 68 18 12 34 306 566 22 68 814 39 38 69 38 8 31 28
BASIC5000_1221 165 1042 35 43 773 751 9 488 946 42 905 423 39 346 31 34 192 71 66 69 34 4 68
BASIC5000_1222 437 39 273 68 36 22 13 39 1378 9 1358 67 43 21 58 28
BASIC5000_1223 1302 312 280 1271 39 167 68 36 1392 9 772 39 10 30 73 36 164 52 66 69 34 4 68 16 36 9 1178 6 68
BASIC5000_1224 437 35 43 269 28 4 317 1410 9 1282 2 36 367 10 1147 69 34 4 28
BASIC5000_1225 89 121 149 43 4 38 8 42 345 807 42 634 35 1110 34 66 69 28
BASIC5000_1226 1438 61 1439 42 65 5 38 1436 43 851 815 39 206 73 35 4 68
BASIC5000_1227 754 9 204 47 483 9 628 68 16 36 72 616 482 20 34 664 13 423 633 72 1319 47 55 20 64 5
BASIC5000_1228 89 144 152 43 208 1110 72 93 130 31 34 488 39 537 31 28
BASIC5000_1229 1144 201 1206 39 421 1115 39 38 67 28 8 31 28 66 764 814 65 12 1069 14 34 61 66 38 4 36 1423 968 29
BASIC5000_1230 551 973 43 123 143 149 97 61 699 740 42 1163 680 319 414 35 3 68
BASIC5000_1231 1061 510 574 42 1214 705 9 797 20 4 36 275 8 31 28
BASIC5000_1232 1352 402 43 699 740 689 705 39 441 10 38 572 1394 72 59 28 66 20 28
BASIC5000_1233 89 152 85 1105 184 43 506 18 4 1396 8 66 42 440 35 20 28
BASIC5000_1234 396 344 498 1235 42 101 113 152 1174 247 1382 822 43 1055 1189 35 1462 1461 1460 155 1464 1455 1455 1455 223 36 38 31 28
BASIC5000_1235 89 149 9 1003 39 201 4 39 746 28 42 43 30 64 5 37 1457 1308 1353 289 29 31 28
BASIC5000_1236 525 52 67 39 43 527 423 42 893 1019 9 751 42 65 5 39 26 26 67 1022 31 34 4 68
BASIC5000_1237 1457 32 42 88 145 152 125 9 398 1061 20 34 1456 32 42 680 252 39 38 31 28
BASIC5000_1238 108 85 93 97 526 43 135 85 95 91 36 664 20 34 4 68
BASIC5000_1239 1295 340 18 69 34 32 4 1178 6 1300 4 28 390 72 32 4 34 20 55 31 28
BASIC5000_1240 108 77 110 812 72 32 69 34 10 34 4 28 29 14 55 24 73 8
BASIC5000_1241 108 76 112 43 22 13 39 699 740 42 1412 52 906 39 623 69 28
BASIC5000_1242 1258 219 355 42 713 39 786 691 20 34 43 4 14 38 4 36 1228 480 43 1003 28 30 39 1188 4 55 20 28
BASIC5000_1243 525 39 1149 30 26 5 39 38 31 28 713 574 43 737 72 32 8 73 29
BASIC5000_1244 153 700 1410 368 75 149 111 1414 1149 30 1459 1455 275 13 66 4 20 34 537 1322
BASIC5000_1245 108 97 110 42 580 35 1003 1315 43 727 4 28 1031 6 72 1178 24 358 31 28
BASIC5000_1246 525 42 815 72 24 10 796 58 68 28 58 39 420 1357 9 558 1194 18 69 28
BASIC5000_1247 525 35 836 4 35 4 68 470 214 28 30 9 209 184 8 4 68
BASIC5000_1248 175 614 39 3 71 24 34 1245 994 42 1192 1346 59 1218 687 20 34 12 29 18 4
BASIC5000_1249 1457 8 731 289 39 57 30 636 30 953 72 61 67 55 20 28
BASIC5000_1250 871 1012 38 1206 72 20 34 4 68 974 730 165 39 574 39 1382 1206 9 8 8 31 34 10 28 42 35 1206 72 165 796 20 28
BASIC5000_1251 17 1317 624 38 12 89 152 85 72 7 346 67 12 29 18 4
BASIC5000_1252 525 9 818 879 20 34 4 34 547 4 815 414 9 815 847 20 39 38 31 28
BASIC5000_1253 808 731 42 344 253 42 153 1327 72 1244 1153 22 69 44 672 43 38 4
BASIC5000_1254 1106 208 36 1044 999 36 43 342 933 251 35 3 67 999 42 56 9 37 30 66 9 37 30 66 38 42 8 72 980 31 34 4 68
BASIC5000_1255 29 4 28 4 37 42 12 66 4 42 227 805 35 4 14 55 22 8
BASIC5000_1256 974 483 36 1005 474 1101 42 1354 216 43 1188 1150 36 1204 184 42 1354 216 39 1029 20 4 36 20 44 20 44 1188 71 69 34 10 28
BASIC5000_1257 29 9 127 106 111 933 839 35 43 254 12 1434 297 962 21 60 38 4 73 29
BASIC5000_1258 29 8 66 153 184 35 1163 12 38 36 1188 31 28 42 35 22 65
BASIC5000_1259 387 893 39 65 31 34 803 181 20 28 1101 42 441 324 43 126 121 152 97 136 152 83 152 35 43 38 8 31 28
BASIC5000_1260 29 14 37 222 42 588 43 55 29 83 82 97 42 165 39 4 68
BASIC5000_1261 21 32 43 574 43 933 55 69 32 10 65 4 184 1353 38 42 35 22
BASIC5000_1262 29 31 34 1003 1315 43 1061 510 269 28 4 404 39 224 69 68 42 29 8 66
BASIC5000_1263 1071 1447 29 31 34 16 36 43 964 1125 42 852 18 275 42 16 36 29 14 29
BASIC5000_1264 980 67 358 4 42 220 928 514 18 73 39 1382 1206 20 34 430 69 28 838 880 789 72 22 13 18 55 969 20 34 59 66 5 71
BASIC5000_1265 980 66 38 4 5 30 39 731 699 43 1060 31 34 20 55 5 222 43 105 137 149 97 72 1298 20 28 12 38 4
BASIC5000_1266 322 1249 470 9 4 38 12 38 31 34 281 58 34 574 452 72 37 73 38 39 454 10 29 31 28 8 39 814 33 4 28
BASIC5000_1267 29 55 31 34 4 28 16 36 65 67 59 20 60 52 31 28 16 36 72 580 609 20 28 184 42 53 5 9 438 4
BASIC5000_1268 233 1184 1101 39 43 90 152 134 42 441 1327 275 9 56 6 68
BASIC5000_1269 746 484 1315 43 574 42 448 18 73 42 690 928 72 321 275 1252 371 20 28
BASIC5000_1270 59 36 59 36 558 1038 109 94 77 149 36 4 5 275 1337 35 668 767 18 69 28 80 135 106 110 928 1221 9 38 25 906 928 474 39 7 4 34 1336 1176 38 42 8 72 705 66 8 39 20 28 4
BASIC5000_1271 59 43 61 162 943 441 630 43 38 4 59 42 36 991 219 22 68
BASIC5000_1272 59 42 39 43 254 34 459 58 36 4 5 42 9 3 68 43 23 29
BASIC5000_1273 59 31 36 63 31 12 67 799 12 65 5 39 248 933 39 1403 73 29
BASIC5000_1274 59 30 70 73 1003 43 26 42 119 152 108 76 152 39 1163 10 55 22
BASIC5000_1275 284 530 962 38 184 43 1128 275 42 619 614 20 8 1100 6 38 4
BASIC5000_1276 59 20 155 153 634 202 4 9 589 1176 38 66 25 46 7 980 66 24 12 29 18 4
BASIC5000_1277 627 573 1457 544 42 282 823 39 407 693 776 175 43 160 865 29 31 28
BASIC5000_1278 59 5 3 4 32 42 99 149 97 42 611 18 39 43 78 149 94 144 22 68 65
BASIC5000_1279 692 441 1065 1400 43 1272 72 428 566 20 28 4 36 599 31 34 4 68
BASIC5000_1280 1068 43 634 1187 67 9 758 66 8 12 22 52 22 52 20 34 4 68
BASIC5000_1281 686 264 42 767 262 727 72 1246 31 28 9 37 69 59 1003 42 300 14 39 43 38 66 38 8 31 28
BASIC5000_1282 169 321 544 192 39 43 4 70 73 38 175 196 9 1261 16 31 28
BASIC5000_1283 1213 775 43 4 12 32 8 3 68 9 254 208 36 20 34 43 4 4 740 29
BASIC5000_1284 738 980 42 1211 39 273 201 31 28 713 39 43 1283 727 35 1218 52 38 14 69 44 38 66 38 4
BASIC5000_1285 1183 9 1338 652 30 42 470 214 43 7 1338 42 212 4 693 72 980 66 38 4
BASIC5000_1286 1183 8 248 933 9 470 214 39 1215 727 42 779 20 56 72 321 275 39 71 8 66 24 38 14 69 44 38 66 38 4
BASIC5000_1287 807 18 73 43 147 106 87 43 48 73 36 16 38 4 36 4 5
BASIC5000_1288 4 61 110 134 42 693 9 448 18 73 72 384 44 24 28 4 36 599 31 34 61 31 34 4 68 73 29 65 36 599 5
BASIC5000_1289 1450 425 67 42 144 134 96 149 9 85 152 36 4 5 103 77 138 42 1393 36 257 39 1185 72 725 9 31 28
BASIC5000_1290 4 66 40 369 15 348 72 20 34 574 66 42 1061 466 933 839 39 833 1410 72 1022 34 68 16 36 43 38 4
BASIC5000_1291 4 65 4 65 36 4 5 713 39 38 31 34 574 43 598 21 814 190 4 28
BASIC5000_1292 4 71 63 68 1144 980 43 328 39 980 1226 42 691 902 35 43 38 4 16 36 72 588 39 36 58 34 7 12 52 10 29
BASIC5000_1293 893 1019 43 893 72 720 884 8 66 437 51 273 22 59 42 29
BASIC5000_1294 4 70 4 70 36 300 14 34 159 18 31 34 1003 28 30 43 364 39 36 34 59 619 1224 20 34 4 55 22
BASIC5000_1295 1183 42 588 42 38 8 35 43 470 214 43 628 1349 20 34 59 544 72 36 66 38 4 42 35 3 68
BASIC5000_1296 1183 43 1003 9 153 184 35 1163 12 16 36 72 1195 18 38 8 31 28
BASIC5000_1297 1337 927 423 39 43 438 12 42 1131 451 20 28 123 74 149 9 4 55 20 28
BASIC5000_1298 1183 39 20 38 69 28 607 470 36 1061 466 22 68 452 602 43 545 24 35 3 68
BASIC5000_1299 597 1441 67 32 14 28 8 31 28 9 599 4 36 37 55 31 28
BASIC5000_1300 441 833 72 347 14 34 574 42 83 114 152 43 1274 1177 20 28
BASIC5000_1301 367 10 190 14 68 269 28 4 1410 9 1431 1270 39 20 56 28
BASIC5000_1302 926 406 559 994 43 699 740 254 402 39 1388 538 39 65 12 1059 1083 18 69 28 1457 1455 1455 42 1242 434 550 72 652 31 34 4 55 22
BASIC5000_1303 166 467 9 210 719 72 321 275 652 34 68 65 5 39 38 31 28 42 59 1382 316 1174 376 42 1251 906 35 3 68
BASIC5000_1304 821 631 713 192 39 357 1157 42 449 302 1032 39 65 31 34 254 402 357 407 39 407 423 934 777 9 1131 31 28
BASIC5000_1305 705 68 4 1025 1406 35 1457 184 43 249 67 1278 12 738 746 72 799 56 459 58 28 73 29
BASIC5000_1306 906 1211 42 1030 43 3 68 522 72 1133 352 39 515 1352 22 68
BASIC5000_1307 705 66 8 39 574 66 43 574 42 493 36 407 205 72 455 73 35 4 68
BASIC5000_1308 926 407 42 184 1315 43 26 42 407 319 39 1022 30 253 68 16 36 72 1195 18 69 38 8 31 28
BASIC5000_1309 1309 73 35 1243 197 72 346 68 36 4 5 16 36 43 628 897 42 331 35 3 68
BASIC5000_1310 574 914 1128 42 61 67 693 43 71 69 71 69 42 1353 35 43 184 814 9 38 4
BASIC5000_1311 1183 36 20 34 1212 39 614 14 38 4 912 620 39 3 67 55 20 28
BASIC5000_1312 253 1203 285 552 42 677 1390 83 144 85 139 143 134 42 677 1390 43 977 2 36 1309 73 35 4 68 9 799 56 43 1310 4
BASIC5000_1313 1312 307 59 1313 552 39 38 68 36 732 486 890 966 35 3 68
BASIC5000_1314 7 592 20 4 36 16 70 72 17 746 994 4 28 29 10 3 67 9 36 5 17 19 4 55 20 28
BASIC5000_1315 506 525 9 18 66 18 66 36 841 69 68 1393 9 1104 16 6 68
BASIC5000_1316 7 588 33 8 4 39 335 12 7 993 939 20 158 15 55 22
BASIC5000_1317 1342 1163 43 629 2 42 1338 9 477 254 38 16 36 72 991 1049 20 28
BASIC5000_1318 909 907 72 637 71 38 4 35 344 1015 72 583 68 16 36 43 273 746 38 4
BASIC5000_1319 464 779 36 4 5 888 35 43 53 36 73 37 209 59 3 67 55 24 73 35 20 28
BASIC5000_1320 749 740 854 565 43 1456 1464 1464 1457 544 39 181 12 38 31 28
BASIC5000_1321 612 1184 1221 9 244 311 38 42 29 8 66 1060 388 1101 43 26 42 1189 942 72 691 596 22 68 29 70 5
BASIC5000_1322 1440 511 36 1188 5 36 1367 805 72 158 9 31 28 36 16 70 39 3 31 28 1258 4 82 124 96 79
BASIC5000_1323 441 952 8 66 65 5 61 12 933 1322 20 28 1003 42 968 39 43 773 1090 155 1235 9 1092 20 12 709 31 28
BASIC5000_1324 175 196 72 497 1229 20 28 42 43 37 42 1171 282 480 35 22 8
BASIC5000_1325 1128 297 35 26 5 20 38 18 4 36 901 43 1003 39 4 31 28
BASIC5000_1326 253 423 690 43 1073 1189 1457 1460 1455 1455 111 145 39 38 31 28
BASIC5000_1327 176 32 42 402 42 630 174 43 163 402 42 441 10 38 672 446 35 1058 71 31 28
BASIC5000_1328 208 675 1024 641 42 165 35 43 1340 771 42 441 1271 1280 9 454 10 35 22
BASIC5000_1329 728 997 901 42 192 8 66 748 183 39 206 73 35 4 55 22
BASIC5000_1330 283 1051 42 835 689 727 42 1302 67 835 689 4 28 20 55 22
BASIC5000_1331 918 28 30 43 177 4 39 810 1084 4 20 358 31 34 4 68
BASIC5000_1332 561 10 204 44 20 72 20 34 53 20 8 31 28 267 974 43 4 32 35 10 68 42 35 22 8
BASIC5000_1333 1137 1255 42 753 906 9 268 39 43 160 1264 20 227 805 59 1432 12 38 68
BASIC5000_1334 999 1060 1255 38 184 43 16 42 188 175 39 43 363 8 38 4
BASIC5000_1335 227 561 10 182 857 39 589 1176 38 745 196 72 684 6 34 12 29 18 4
BASIC5000_1336 304 921 962 38 789 768 9 1106 208 303 240 39 346 31 34 192 71 31 28
BASIC5000_1337 586 1025 9 589 23 20 59 865 1264 72 1167 20 34 4 68 71 14 35 43 38 4
BASIC5000_1338 201 71 38 4 35 4 68 36 184 42 588 43 4 31 26 5 618 614 9 852 12 38 68
BASIC5000_1339 185 580 42 1009 285 677 1390 35 43 1342 1163 777 943 39 209 42 572 1394 59 161 6 38 4 29 70 5
BASIC5000_1340 561 31 1263 20 34 10 28 44 8 67 29 8 66 55 29 1327 514 9 806 1410 716 38 73 29 65
BASIC5000_1341 1059 1083 416 1418 42 1180 888 8 66 43 16 42 483 1427 42 931 427 43 59 31 36 337 492 39 1179 482 18 69 68 52 10 35 3 68
BASIC5000_1342 980 962 38 1215 727 42 28 58 42 797 20 4 1304 552 38 37 36 4 5 59 42 43 472 406 20 38 4
BASIC5000_1343 441 156 444 71 28 20 43 46 36 67 35 35 10 68 8 66
BASIC5000_1344 1104 14 44 1104 12 53 37 55 22 55 22 1389 960 12 38 68
BASIC5000_1345 1104 16 6 68 1393 43 713 1189 42 83 105 83 105 36 4 5 1393 29 14 29 31 28
BASIC5000_1346 544 739 42 1060 856 952 39 43 634 1275 39 10 12 155 1115 1155 38 37 3 67 55 24 73
BASIC5000_1347 1104 6 68 696 579 43 1092 20 4 9 1104 16 6 38 4 696 579 43 18 66 39 1092 20 4
BASIC5000_1348 1104 12 36 16 70 39 65 68 36 574 43 743 35 43 46 36 8 37 42 184 906 29 26 5 29
BASIC5000_1349 1104 4 28 175 72 38 73 35 59 8 73 35 59 219 21 34 43 4 14 38 4
BASIC5000_1350 612 1441 39 43 928 602 39 18 6 1197 6 68 297 9 3 68
BASIC5000_1351 1255 35 43 16 69 43 3 69 65 67 43 68 8 39 309 31 34 4 68
BASIC5000_1352 1255 42 1137 4 93 152 121 97 9 819 58 66 69 34 4 68
BASIC5000_1353 898 913 962 38 1184 484 9 1024 641 423 39 38 29 69 1286 73 29
BASIC5000_1354 940 28 30 43 110 143 106 87 39 634 1148 906 72 1014 73 29
BASIC5000_1355 692 402 1369 1018 862 43 483 1369 628 936 72 732 361 39 20 28
BASIC5000_1356 807 42 803 43 1003 42 933 849 39 441 10 38 1018 960 72 804 20 28
BASIC5000_1357 940 9 1421 39 167 31 34 26 42 1314 72 61 31 34 10 28
BASIC5000_1358 165 162 42 77 149 88 143 149 111 35 43 941 36 4 5 941 42 22 52 34 9 36 10 39 43 153 552 39 1460 1455 1455 184 59 42 1319 634 9 908 482 42 200 699 39 123 106 110 130 152 145 72 20 34 4 28 42 35 22
BASIC5000_1359 940 35 59 452 35 59 209 8 153 32 42 641 1164 72 1270 39 32 14 68 16 36 9 734 55 20 4
BASIC5000_1360 940 42 470 43 1128 275 42 456 72 1178 159 20 9 30 35 3 68
BASIC5000_1361 940 43 22 13 39 1097 623 72 435 6 66 69 68 59 42 35 43 38 4 73 29
BASIC5000_1362 733 43 1258 122 149 87 1386 1138 38 37 35 3 31 28
BASIC5000_1363 733 42 1319 47 693 43 218 476 962 39 38 31 34 10 34 4 68
BASIC5000_1364 509 1095 636 30 756 66 20 28 574 42 461 72 1178 68 42 43 590 47 38 4 41
BASIC5000_1365 441 527 9 607 470 39 1443 506 514 72 1305 31 34 61 68 42 43 4 28 31 34 1039 328 38 16 36 35 3 68
BASIC5000_1366 1366 1349 43 1327 159 39 969 30 39 1375 358 22 68 65 5 39 373 193 20 28
BASIC5000_1367 1445 251 522 39 43 153 552 59 1163 31 28 16 36 9 3 67 55 24 73 9 185 544 42 436 1163 12 32 59 67 35 22
BASIC5000_1368 442 212 42 1206 72 22 68 36 26 42 1095 44 28 10 9 1104 16 6 68 35 3 70 5
BASIC5000_1369 438 507 42 1310 69 72 1100 624 20 34 7 12 42 9 589 1176 29
BASIC5000_1370 1432 1304 1314 1267 72 1260 68 713 43 4 12 66 835 617 20 34 59 321 275 36 43 1188 6 38 4
BASIC5000_1371 211 777 377 43 692 20 4 488 39 1329 1076 527 175 72 20 34 4 68
BASIC5000_1372 691 898 602 9 244 69 34 4 68 16 36 42 791 888 43 22 13 39 1313 898 912 620 39 38 31 34 20 55 5 36 4 5 16 36 35 3 68
BASIC5000_1373 273 162 22 68 28 58 39 43 1014 778 962 38 184 1353 35 38 14 69 44 38 66 38 4
BASIC5000_1374 153 1327 42 952 1360 43 546 251 935 133 145 87 42 890 690 1178 740 72 1329 534 22 68
BASIC5000_1375 356 193 480 43 1327 159 39 363 8 31 34 969 30 39 958 986 22 68 65 5 373 193 72 958 20 28
BASIC5000_1376 934 200 42 3 36 574 452 43 55 28 59 36 42 188 175 39 632 31 28
BASIC5000_1377 162 1221 43 680 830 42 1400 414 35 1336 1176 38 573 294 72 873 23 68
BASIC5000_1378 153 1326 43 37 16 36 38 12 237 32 4 28 65 5 39 1188 31 28 9 26 69 9 390 31 45 30 35 3 68 16 36 43 16 4 32 36 42 1349 544 42 190 10 358 4 9 684 6 34 12 69 28
BASIC5000_1379 698 980 42 16 36 43 738 980 42 16 36 36 319 283 20 38 12 34 43 38 66 38 4
BASIC5000_1380 1313 446 72 911 20 34 20 55 4 55 16 36 39 939 20 1196 38 4 35 22
BASIC5000_1381 17 1220 819 275 42 380 376 43 791 1362 376 35 20 28 42 35 1003 37 59 36 20 34 43 7 676 637 4 4 28 20 8 41 55 22
BASIC5000_1382 478 930 38 444 39 55 29 273 201 31 28 16 36 9 38 4
BASIC5000_1383 273 1161 72 796 58 68 28 58 39 37 5 39 8 20 38 14 69 44 38 66 38 4
BASIC5000_1384 7 591 69 39 38 31 28 29 14 8 36 599 4 55 20 28
BASIC5000_1385 268 200 56 43 37 42 65 5 39 1313 17 20 55 20 28 8
BASIC5000_1386 1258 1240 631 348 39 1129 66 44 604 43 1020 65 67 1411 47 338 68
BASIC5000_1387 259 42 188 175 43 797 323 289 39 1058 6 41 44 38 66 38 4
BASIC5000_1388 329 431 1315 42 617 1178 9 153 1130 20 38 4 36 10 43 1216 9 823 58 68 42 8
BASIC5000_1389 446 705 22 68 16 36 194 158 39 441 10 38 160 545 9 3 68 29 70 5 8
BASIC5000_1390 271 68 65 5 38 269 28 4 1410 9 1431 55 35 20 56 28
BASIC5000_1391 153 318 42 910 36 176 184 42 184 1353 9 96 137 149 125 20 34 4 68
BASIC5000_1392 1295 31 34 1302 980 9 3 68 55 35 201 358 43 557 736 18 69 28
BASIC5000_1393 220 1314 431 42 65 5 39 1401 532 72 8 50 31 28 1380 43 131 107 144 131 107 144 36 1149 30 68 1378 72 686 925 42 65 5 39 32 55 13 31 34 4 68
BASIC5000_1394 1190 1229 42 1313 1008 35 26 42 16 36 39 43 1187 69 66 69 38 8 31 28
BASIC5000_1395 1102 6 66 69 38 4 405 1292 8 66 1298 69 68 28 58 39 1128 806 39 1260 68 470 214 28 30 59 4 68
BASIC5000_1396 859 1009 43 20 44 20 44 1060 856 72 286 877 22 68 1336 1176 38 1239 680 680 1032 634 805 36 20 34 212 71 69 68
BASIC5000_1397 163 442 47 73 39 8 14 65 5 31 28 31 34 26 5 43 4 10 55 24 73 65
BASIC5000_1398 981 713 1353 35 438 1405 42 7 1338 72 583 68 16 36 43 489 706 35 43 38 8 31 28
BASIC5000_1399 248 1308 3 28 67 59 1210 31 34 12 69 34 4 28 9 439 9 1310 4 42 35 834 12 834 12 691 31 28
BASIC5000_1400 688 72 652 31 28 16 36 42 38 4 59 42 39 43 341 43 35 10 38 4
BASIC5000_1401 248 1309 402 43 958 515 1301 158 402 72 59 31 36 671 300 22 52 10 29
BASIC5000_1402 1393 43 792 1028 39 564 12 38 67 26 20 34 36 5 36 5 1104 16 6 38 12 38 31 28
BASIC5000_1403 1457 150 731 39 1456 552 135 152 103 152 72 776 759 20 55 22
BASIC5000_1404 713 72 1262 6 34 349 192 42 703 1159 28 30 9 929 924 42 165 35 933 10 933 10 36 1269 68
BASIC5000_1405 1302 1313 20 28 1271 9 1003 42 91 152 110 39 815 72 43 41 8 14 28
BASIC5000_1406 969 577 1456 135 152 110 145 852 18 1457 135 152 110 145 42 1016 72 660 68 42 39 1049 1457 713 1353 324 8 8 67 55 20 28
BASIC5000_1407 221 244 1141 1164 488 1393 779 488 26 69 39 211 488 43 1206 20 1188 1150 1270 655 67 1138 571 1393 38 37 72 365 57 1138 2 38 570 72 212 5 16 36 9 273 746 68
BASIC5000_1408 160 935 617 38 1188 1150 43 441 10 38 883 4 42 59 36 39 38 68 35 3 70 5
BASIC5000_1409 107 152 124 147 106 87 248 55 35 799 10 528 51 725 9 67 38 18 4
BASIC5000_1410 1393 9 441 10 4 693 9 9 20 9 20 188 175 20 34 4 68 65 5 39 1178 6 68 36 4 5 184 36 5 68 18 4 29 14 31 34 1188 5 184 4 55 22 65 41
BASIC5000_1411 1457 352 42 1271 43 177 4 39 1314 72 63 23 70 5 36 20 28
BASIC5000_1412 361 1040 39 1003 42 361 289 59 1295 299 20 34 12 29 18 4
BASIC5000_1413 824 1026 9 1441 31 34 1136 43 63 31 12 67 36 862 8 66 1376 69 34 4 31 28
BASIC5000_1414 702 1011 936 441 474 39 7 14 68 574 42 730 580 42 1223 1094 43 155 746 42 648 634 385 1334 72 845 47 28
BASIC5000_1415 1344 26 42 59 42 43 715 1302 42 95 144 149 104 152 1344 35 22 8 66 111 75 72 1351 58 28 66 82 152 110 147 106 87 22 68 36 4 5 16 36 43 3 67 55 24 73
BASIC5000_1416 1050 514 39 43 1128 1274 1271 72 1088 4 34 43 4 14 38 4
BASIC5000_1417 1412 4 617 407 42 43 31 28 507 544 43 690 928 72 254 1327 28 4 66 15 28
BASIC5000_1418 1412 52 906 43 65 12 38 8 31 28 9 507 38 12 36 59 227 805 9 477 8 31 28
BASIC5000_1419 1184 484 231 8 66 970 634 105 152 134 72 71 66 31 34 61 68 16 36 43 26 42 431 814 72 12 21 12 16 36 39 38 70 5
BASIC5000_1420 1139 277 67 789 9 1039 1053 38 211 67 42 1148 1271 39 1014 73 35 3 68
BASIC5000_1421 408 72 159 67 68 36 10 39 574 452 42 7 73 54 70 1128 1274 1271 43 85 152 85 152 1393 72 1022 34 28
BASIC5000_1422 1313 11 338 31 28 16 36 72 389 4 34 59 20 64 5 9 38 4
BASIC5000_1423 1260 1101 42 165 39 43 1260 67 38 9 66 815 72 1415 57 1101 59 4 68
BASIC5000_1424 524 43 16 42 158 59 38 12 877 20 12 38 31 34 10 28
BASIC5000_1425 1056 431 38 66 1314 39 32 44 38 37 362 8 38 4 29 70 5
BASIC5000_1426 992 1337 18 73 153 488 43 65 12 117 77 85 149 88 39 1163 31 28 59 42 29
BASIC5000_1427 524 35 574 66 43 488 42 165 39 1351 21 1286 58 66 69 28
BASIC5000_1428 1103 1105 1101 43 184 933 42 1149 198 1101 42 693 39 371 693 20 34 309 284 1101 72 1214 583 20 799 56 491 66 24 68 16 36 72 933 777 36 20 34 4 68 65 5 39 7 59 6 68
BASIC5000_1429 441 1162 43 914 1171 1101 39 343 644 20 34 343 170 72 1261 16 20 28
BASIC5000_1430 524 9 38 8 31 28 66 1003 43 59 31 36 702 12 977 4 28 42 29 9
BASIC5000_1431 841 1188 1411 1211 39 615 71 18 69 68 52 8 66 23 36 43 4 5 59 42 42 1188 5 43 706 12 1163 5 43 1377 20 36 599 71 38 4
BASIC5000_1432 1313 30 72 677 57 68 39 43 44 8 68 16 36 38 8 69
BASIC5000_1433 404 352 43 91 149 87 144 152 110 35 401 58 66 69 34 4 68
BASIC5000_1434 901 43 384 73 35 4 68 37 16 70 8 36 34 59 597 31 34 4 68
BASIC5000_1435 901 42 803 580 574 43 914 474 20 38 14 69 44 38 66 38 8 31 28
BASIC5000_1436 901 36 1003 43 699 724 699 39 43 4 32 59 108 113 97 72 20 34 4 28
BASIC5000_1437 143 108 149 1211 72 1215 58 68 474 933 43 53 36 73 37 4 38 4
BASIC5000_1438 586 933 906 474 42 417 740 8 66 730 692 42 614 422 55 35 72 1070 1090 22 68
BASIC5000_1439 143 106 123 145 98 35 1412 175 20 28 14 69 44 686 1308 1353 289 39 173 1049 20 38 14 69 44 38 66 38 4
BASIC5000_1440 1223 873 1101 43 1128 275 42 441 474 713 192 42 599 4 273 72 1207 20 12 1206 20 28
BASIC5000_1441 426 275 42 1432 4 1412 175 72 36 68 36 1432 1161 405 42 336 397 39 38 68 8 59 20 69 38 4
BASIC5000_1442 143 149 104 152 9 589 1176 38 220 797 72 694 20 28 16 36 43 835 617 22 68 215 227 9 3 68
BASIC5000_1443 901 9 1003 42 28 58 39 7 4 20 4 712 1412 72 211 31 34 12 69 28
BASIC5000_1444 1258 471 43 209 36 8 412 58 358 71 24 38 14 69 44 38 66 38 4
BASIC5000_1445 901 8 66 1003 39 91 149 122 139 152 103 152 90 152 134 9 161 6 66 69 28
BASIC5000_1446 348 1026 43 3 68 693 832 35 607 72 367 12 16 36 35 35 10 68
BASIC5000_1447 901 18 73 43 26 73 38 1421 1445 38 16 36 72 20 28 16 36 35 607 470 39 1124 72 1022 34 28
BASIC5000_1448 284 348 38 184 59 4 69 44 26 5 35 38 4 184 59 4 68
BASIC5000_1449 143 134 1330 72 454 55 38 4 36 20 34 59 16 69 72 153 747 61 31 34 56 28 55 6
BASIC5000_1450 381 1404 43 443 1365 80 115 145 86 152 39 43 91 97 110 9 8 8 67 22 11 68 36 4 5 16 36 29
BASIC5000_1451 488 697 43 55 59 38 12 692 20 4 931 427 39 868 14 1286 73 29
BASIC5000_1452 167 308 377 9 28 29 4 55 273 253 67 348 72 1352 14 34 7 67 55 22
BASIC5000_1453 921 969 39 1188 5 36 574 43 211 488 36 4 5 65 67 43 57 20 70 639 1201 488 29
BASIC5000_1454 1318 568 38 789 201 9 3 69 44 3 38 28 72 574 39 1057 186 20 65 5
BASIC5000_1455 474 1349 43 933 581 28 30 39 792 42 1302 67 39 1223 873 20 28
BASIC5000_1456 1108 661 14 4 22 39 1123 661 14 34 20 44 66 12 1149 30 977 4 34 12 29 18 4
BASIC5000_1457 807 1047 42 997 807 43 26 42 701 560 42 111 146 97 72 977 68 16 36 39 401 415 22 68
BASIC5000_1458 120 139 152 98 18 73 122 152 103 152 151 124 143 78 149 35 22
BASIC5000_1459 1461 1455 39 22 68 28 58 39 43 1456 1462 39 209 72 1264 24 44 65 4 42
BASIC5000_1460 1461 1460 801 194 158 42 184 28 30 43 680 551 8 66 544 1338 72 347 14 34 4 68
BASIC5000_1461 120 142 91 9 6 18 72 663 20 34 407 1389 72 32 32 4 34 4 68
BASIC5000_1462 120 145 110 149 812 43 488 72 434 67 28 12 38 31 34 692 1104 39 547 369 72 29 20 28
BASIC5000_1463 120 149 86 97 9 153 396 630 683 1296 42 441 947 913 71 24
BASIC5000_1464 120 152 110 75 77 143 149 111 926 1235 42 483 208 1186 750 36 498 1032 42 3 67 693 39 32 4 34
BASIC5000_1465 1155 9 170 935 18 69 68 36 184 2 42 230 556 72 486 22 68 351 1115 602 9 3 68
BASIC5000_1466 214 1063 9 55 59 38 12 1383 1176 39 1295 4 32 12 35 20 64 5
BASIC5000_1467 120 106 110 143 152 43 1128 806 20 28 36 248 933 43 1003 39 7 31 20 60 31 28
BASIC5000_1468 1319 647 72 22 68 36 4 5 16 36 43 538 39 909 907 72 32 55 67 3 68 906 72 3 10 66 58 34 283 42 59 42 72 346 68 16 36 72 617 371 22 68
BASIC5000_1469 120 110 143 152 43 111 77 107 72 630 174 39 561 10 253 69 28
BASIC5000_1470 120 111 77 41 130 87 66 42 1354 216 43 16 73 38 39 111 143 77 29 31 28 42
BASIC5000_1471 120 132 143 138 42 518 43 75 149 109 97 42 518 65 67 59 1432 4
BASIC5000_1472 1155 39 65 31 34 43 573 1022 32 37 16 70 8 1299 39 486 39 38 68 59 42 59 3 68
BASIC5000_1473 1155 42 304 10 968 9 29 73 29 73 38 12 38 31 34 10 28
BASIC5000_1474 1155 43 470 214 42 634 42 513 8 38 4 36 16 70 39 1088 12 52 10 29
BASIC5000_1475 348 1221 9 30 64 5 37 877 20 4 36 10 39 574 9 195 1171 39 253 31 28
BASIC5000_1476 48 31 28 67 358 5 8 37 5 8 16 42 692 1218 42 733 72 977 34 56 38 18 4
BASIC5000_1477 506 1405 42 544 1338 35 933 839 22 68 42 43 574 39 43 399 1377 35 3 31 28
BASIC5000_1478 1289 192 641 1164 43 438 12 42 906 72 161 6 34 12 69 68
BASIC5000_1479 1461 801 194 158 42 470 214 43 474 762 39 1302 71 38 14 69 44 38 66 38 4
BASIC5000_1480 1426 1393 9 46 37 8 31 28 42 35 127 77 144 152 684 659 43 1128 275 42 433 72 1302 22 16 36 9 35 10 38 8 31 28
BASIC5000_1481 372 47 273 20 34 53 20 4 184 42 361 289 43 209 35 22 8
BASIC5000_1482 1320 202 470 1059 56 670 6 1412 376 72 1412 52 68 42 43 332 1364 29 36 599 4 55 22 8
BASIC5000_1483 547 470 43 254 12 153 184 10 67 35 26 16 39 553 31 34 4 28
BASIC5000_1484 514 262 39 4 68 42 9 59 31 28 4 38 4 13 66 4 65 4 442 814 29 31 28
BASIC5000_1485 317 846 1314 39 1163 31 28 66 61 31 45 67 846 42 545 72 1412 52 38 4 36 1163 31 28 617 371 9 38 4 35 20 64 5
BASIC5000_1486 842 474 1388 635 42 1003 35 43 3 67 55 22 9 209 36 27 963 781 42 7 297 72 1251 67 28 12 16 16 39 7 1407 4 939 20 158 15 68 792 1028 35 22
BASIC5000_1487 1178 68 699 43 146 152 87 96 79 113 152 118 72 8 28 37 31 34 822 72 1305 31 28
BASIC5000_1488 503 770 42 770 1227 39 43 1151 211 785 9 3 68 42 8 36 4 31 28 16 36 43 4 70 4 70 38 36 16 70 35 1229 1221 18 69 34 4 55 22
BASIC5000_1489 1381 9 1358 68 42 72 1178 28 16 36 9 3 67 55 22 8
BASIC5000_1490 1409 56 66 69 40 890 686 42 872 841 1101 9 488 72 819 58 34 68
BASIC5000_1491 788 43 566 4 841 69 39 1102 6 66 69 23 523 430 20 28
BASIC5000_1492 630 580 55 59 38 12 901 43 692 20 4 488 72 1246 31 28 9 26 16 35 1003 43 933 55 69 28
BASIC5000_1493 1128 942 241 72 667 12 36 10 1216 35 59 553 31 34 21 31 36 1128 275 72 1178 32 58 55 22
BASIC5000_1494 209 1188 31 34 73 29 1188 31 34 12 69 38 4 36 43
BASIC5000_1495 1412 1159 775 906 43 703 1159 72 657 66 6 68 28 58 42 781 2 38 1010 1408 42 1086 72 235 6 34 4 68
BASIC5000_1496 853 73 35 4 68 118 97 42 165 35 1216 8 9 1003 42 361 72 372 50 42 72 1104 4 28
BASIC5000_1497 704 197 20 28 18 42 3 55 67 574 43 189 184 42 619 614 72 1100 6 38 8 31 28
BASIC5000_1498 446 31 28 713 72 412 58 358 71 24 68 42 43 1377 20 4
BASIC5000_1499 978 975 43 230 556 39 791 12 16 36 9 35 10 38 4 59 42 35 22
BASIC5000_1500 944 43 1389 1014 9 1458 1455 1455 80 152 83 152 194 158 3 68
